2.8625	10029
2.8625499999999997	10013
2.8626	10029
2.86265	10044
2.8627	10074
2.8627499999999997	10072
2.8628	10064
2.86285	10020
2.8629	10100
2.8629499999999997	10043
2.863	10009
2.86305	10040
2.8630999999999998	10029
2.8631499999999996	10058
2.8632	9967
2.86325	10028
2.8632999999999997	10041
2.86335	9982
2.8634	10017
2.86345	9999
2.8634999999999997	10038
2.86355	9980
2.8636	9977
2.86365	10007
2.8636999999999997	9988
2.86375	10033
2.8638	10007
2.86385	10052
2.8638999999999997	9980
2.86395	10008
2.864	10037
2.8640499999999998	9981
2.8640999999999996	10004
2.86415	9974
2.8642	10005
2.8642499999999997	10058
2.8643	9946
2.86435	10015
2.8644	9972
2.8644499999999997	9949
2.8645	10012
2.86455	10037
2.8646	9960
2.8646499999999997	9974
2.8647	9962
2.86475	9948
2.8648	9858
2.8648499999999997	10007
2.8649	9912
2.86495	9898
2.8649999999999998	9911
2.86505	9870
2.8651	9902
2.86515	9900
2.8651999999999997	9885
2.86525	9858
2.8653	9946
2.86535	9910
2.8653999999999997	9864
2.86545	9799
2.8655	9800
2.86555	9845
2.8655999999999997	9868
2.86565	9872
2.8657	9832
2.86575	9873
2.8657999999999997	9861
2.86585	9890
2.8659	9844
2.8659499999999998	9885
2.866	9860
2.86605	9886
2.8661	9894
2.8661499999999998	9896
2.8662	9921
2.86625	9866
2.8663	9899
2.8663499999999997	9909
2.8664	9922
2.86645	9888
2.8665	9955
2.8665499999999997	9936
2.8666	9979
2.86665	9880
2.8667	9994
2.86675	9908
2.8668	9932
2.86685	9932
2.8669	9870
2.86695	9959
2.867	9848
2.86705	9903
2.8670999999999998	9821
2.86715	9871
2.8672	9859
2.86725	9872
2.8672999999999997	9867
2.86735	9875
2.8674	9867
2.86745	9855
2.8674999999999997	9812
2.86755	9809
2.8676	9869
2.86765	9721
2.8677	9780
2.86775	9874
2.8678	9832
2.86785	9799
2.8679	9814
2.86795	9845
2.868	9796
2.8680499999999998	9817
2.8681	9838
2.86815	9872
2.8682	9888
2.8682499999999997	9847
2.8683	9804
2.86835	9873
2.8684	9877
2.86845	9895
2.8685	9896
2.86855	9857
2.8686	9910
2.86865	9905
2.8687	9880
2.86875	9879
2.8688	9857
2.86885	9887
2.8689	9860
2.86895	9902
2.8689999999999998	9914
2.86905	9819
2.8691	9875
2.86915	9818
2.8692	9893
2.86925	9892
2.8693	9848
2.86935	9880
2.8694	9830
2.86945	9870
2.8695	9862
2.86955	9771
2.8696	9826
2.86965	9852
2.8697	9851
2.86975	9844
2.8698	9772
2.86985	9833
2.8699	9858
2.86995	9838
2.87	9829
2.87005	9855
2.8701	9935
2.87015	9829
2.8702	9846
2.87025	9847
2.8703	9843
2.87035	9909
2.8704	9890
2.87045	9896
2.8705	9857
2.87055	9932
2.8706	9944
2.87065	9955
2.8707	9976
2.87075	10011
2.8708	9930
2.87085	9974
2.8709000000000002	9873
2.87095	9938
2.871	9955
2.87105	9976
2.8711	9923
2.87115	9997
2.8712	9931
2.87125	9954
2.8713	9992
2.87135	9975
2.8714	9953
2.87145	9970
2.8715	10024
2.87155	9971
2.8716	10003
2.87165	9990
2.8717	9991
2.87175	10001
2.8718	9987
2.8718500000000002	9958
2.8719	10014
2.87195	9981
2.872	10073
2.87205	10027
2.8721	10050
2.87215	10001
2.8722	10034
2.87225	9998
2.8723	10020
2.87235	9996
2.8724	9980
2.87245	9954
2.8625	9969
2.8625499999999997	9931
2.8626	9990
2.86265	9945
2.8627	9994
2.8627499999999997	9982
2.8628	10032
2.86285	10014
2.8629	9964
2.8629499999999997	9916
2.863	9970
2.86305	9979
2.8630999999999998	9971
2.8631499999999996	10034
2.8632	9985
2.86325	9980
2.8632999999999997	9959
2.86335	10010
2.8634	9990
2.86345	9974
2.8634999999999997	10010
2.86355	9983
2.8636	9966
2.86365	9988
2.8636999999999997	9977
2.86375	9967
2.8638	9994
2.86385	9979
2.8638999999999997	9954
2.86395	10017
2.864	9978
2.8640499999999998	9946
2.8640999999999996	9969
2.86415	9966
2.8642	10008
2.8642499999999997	10036
2.8643	9964
2.86435	9971
2.8644	9963
2.8644499999999997	9997
2.8645	9998
2.86455	9980
2.8646	9950
2.8646499999999997	9987
2.8647	9955
2.86475	9989
2.8648	9971
2.8648499999999997	9883
2.8649	9879
2.86495	9869
2.8649999999999998	9920
2.86505	9923
2.8651	9905
2.86515	9861
2.8651999999999997	9859
2.86525	9950
2.8653	9859
2.86535	9885
2.8653999999999997	9873
2.86545	9822
2.8655	9916
2.86555	9809
2.8655999999999997	9849
2.86565	9853
2.8657	9789
2.86575	9871
2.8657999999999997	9843
2.86585	9874
2.8659	9869
2.8659499999999998	9808
2.866	9816
2.86605	9874
2.8661	9891
2.8661499999999998	9899
2.8662	9830
2.86625	9851
2.8663	9881
2.8663499999999997	9934
2.8664	9921
2.86645	9906
2.8665	9907
2.8665499999999997	9875
2.8666	9972
2.86665	9905
2.8667	9904
2.86675	9906
2.8668	9919
2.86685	9895
2.8669	9904
2.86695	9935
2.867	9943
2.86705	9874
2.8670999999999998	9877
2.86715	9908
2.8672	9849
2.86725	9856
2.8672999999999997	9849
2.86735	9857
2.8674	9832
2.86745	9848
2.8674999999999997	9796
2.86755	9790
2.8676	9792
2.86765	9788
2.8677	9848
2.86775	9790
2.8678	9892
2.86785	9857
2.8679	9892
2.86795	9789
2.868	9882
2.8680499999999998	9904
2.8681	9827
2.86815	9770
2.8682	9794
2.8682499999999997	9846
2.8683	9889
2.86835	9915
2.8684	9806
2.86845	9894
2.8685	9860
2.86855	9876
2.8686	9885
2.86865	9888
2.8687	9931
2.86875	9887
2.8688	9937
2.86885	9886
2.8689	9887
2.86895	9877
2.8689999999999998	9945
2.86905	9833
2.8691	9870
2.86915	9921
2.8692	9932
2.86925	9874
2.8693	9884
2.86935	9884
2.8694	9835
2.86945	9832
2.8695	9893
2.86955	9816
2.8696	9820
2.86965	9795
2.8697	9853
2.86975	9883
2.8698	9806
2.86985	9778
2.8699	9784
2.86995	9843
2.87	9843
2.87005	9812
2.8701	9848
2.87015	9811
2.8702	9840
2.87025	9883
2.8703	9902
2.87035	9873
2.8704	9873
2.87045	9909
2.8705	9964
2.87055	9869
2.8706	9894
2.87065	9922
2.8707	9915
2.87075	9966
2.8708	9900
2.87085	9972
2.8709000000000002	9967
2.87095	9993
2.871	10000
2.87105	10017
2.8711	9988
2.87115	9903
2.8712	10008
2.87125	9953
2.8713	10021
2.87135	9996
2.8714	9963
2.87145	9970
2.8715	9984
2.87155	9922
2.8716	9967
2.87165	9969
2.8717	9944
2.87175	9992
2.8718	10018
2.8718500000000002	10048
2.8719	9995
2.87195	9985
2.872	9983
2.87205	10018
2.8721	9964
2.87215	10011
2.8722	9982
2.87225	10018
2.8723	10030
2.87235	9958
2.8724	9960
2.87245	9981
2.8625	9971
2.8625499999999997	9967
2.8626	10015
2.86265	10006
2.8627	10039
2.8627499999999997	9947
2.8628	9960
2.86285	9976
2.8629	9977
2.8629499999999997	9965
2.863	10034
2.86305	10039
2.8630999999999998	9933
2.8631499999999996	9975
2.8632	10014
2.86325	10048
2.8632999999999997	10006
2.86335	10032
2.8634	10019
2.86345	10000
2.8634999999999997	10003
2.86355	9928
2.8636	9989
2.86365	10006
2.8636999999999997	10040
2.86375	9981
2.8638	10050
2.86385	10023
2.8638999999999997	9987
2.86395	9944
2.864	10033
2.8640499999999998	9966
2.8640999999999996	9994
2.86415	10015
2.8642	10068
2.8642499999999997	9959
2.8643	9992
2.86435	9940
2.8644	9950
2.8644499999999997	9954
2.8645	9922
2.86455	9991
2.8646	9917
2.8646499999999997	9967
2.8647	9941
2.86475	9910
2.8648	9912
2.8648499999999997	9881
2.8649	9913
2.86495	9895
2.8649999999999998	9883
2.86505	9883
2.8651	9893
2.86515	9888
2.8651999999999997	9806
2.86525	9843
2.8653	9889
2.86535	9798
2.8653999999999997	9843
2.86545	9853
2.8655	9862
2.86555	9791
2.8655999999999997	9792
2.86565	9798
2.8657	9797
2.86575	9812
2.8657999999999997	9879
2.86585	9881
2.8659	9824
2.8659499999999998	9839
2.866	9852
2.86605	9866
2.8661	9824
2.8661499999999998	9893
2.8662	9863
2.86625	9897
2.8663	9852
2.8663499999999997	9903
2.8664	9875
2.86645	9929
2.8665	9887
2.8665499999999997	9870
2.8666	9924
2.86665	9943
2.8667	9908
2.86675	9935
2.8668	9946
2.86685	9899
2.8669	9924
2.86695	9848
2.867	9939
2.86705	9866
2.8670999999999998	9878
2.86715	9836
2.8672	9969
2.86725	9904
2.8672999999999997	9850
2.86735	9859
2.8674	9859
2.86745	9872
2.8674999999999997	9888
2.86755	9851
2.8676	9844
2.86765	9837
2.8677	9831
2.86775	9808
2.8678	9874
2.86785	9819
2.8679	9769
2.86795	9824
2.868	9890
2.8680499999999998	9849
2.8681	9836
2.86815	9859
2.8682	9851
2.8682499999999997	9922
2.8683	9881
2.86835	9958
2.8684	9922
2.86845	9875
2.8685	9890
2.86855	9926
2.8686	9897
2.86865	9900
2.8687	9902
2.86875	9918
2.8688	9911
2.86885	9962
2.8689	9903
2.86895	9902
2.8689999999999998	9910
2.86905	9918
2.8691	9877
2.86915	9881
2.8692	9872
2.86925	9871
2.8693	9834
2.86935	9940
2.8694	9941
2.86945	9854
2.8695	9879
2.86955	9796
2.8696	9859
2.86965	9865
2.8697	9834
2.86975	9811
2.8698	9824
2.86985	9841
2.8699	9748
2.86995	9836
2.87	9786
2.87005	9834
2.8701	9905
2.87015	9880
2.8702	9866
2.87025	9841
2.8703	9804
2.87035	9931
2.8704	9874
2.87045	9906
2.8705	9925
2.87055	9977
2.8706	9886
2.87065	9887
2.8707	9922
2.87075	9890
2.8708	9940
2.87085	9963
2.8709000000000002	9967
2.87095	9910
2.871	9934
2.87105	9964
2.8711	9954
2.87115	9937
2.8712	9962
2.87125	9933
2.8713	9981
2.87135	9944
2.8714	9960
2.87145	10019
2.8715	9971
2.87155	9908
2.8716	9950
2.87165	9981
2.8717	9945
2.87175	9980
2.8718	9991
2.8718500000000002	10015
2.8719	9980
2.87195	9990
2.872	9969
2.87205	9926
2.8721	9945
2.87215	9973
2.8722	10012
2.87225	9984
2.8723	9966
2.87235	9987
2.8724	9928
2.87245	9993
2.8625	9962
2.8625499999999997	10024
2.8626	9979
2.86265	9934
2.8627	10031
2.8627499999999997	10013
2.8628	9931
2.86285	10019
2.8629	10022
2.8629499999999997	9946
2.863	10048
2.86305	9929
2.8630999999999998	9969
2.8631499999999996	9956
2.8632	10010
2.86325	9968
2.8632999999999997	9969
2.86335	9963
2.8634	9977
2.86345	10052
2.8634999999999997	10008
2.86355	9960
2.8636	9922
2.86365	9933
2.8636999999999997	10025
2.86375	9904
2.8638	10017
2.86385	10044
2.8638999999999997	9973
2.86395	10017
2.864	9991
2.8640499999999998	10018
2.8640999999999996	9995
2.86415	9984
2.8642	9976
2.8642499999999997	9958
2.8643	9940
2.86435	9986
2.8644	9962
2.8644499999999997	9990
2.8645	9926
2.86455	9908
2.8646	10014
2.8646499999999997	9908
2.8647	9943
2.86475	9925
2.8648	9942
2.8648499999999997	9951
2.8649	9961
2.86495	9903
2.8649999999999998	9900
2.86505	9896
2.8651	9898
2.86515	9845
2.8651999999999997	9887
2.86525	9917
2.8653	9872
2.86535	9825
2.8653999999999997	9827
2.86545	9808
2.8655	9839
2.86555	9868
2.8655999999999997	9864
2.86565	9811
2.8657	9805
2.86575	9821
2.8657999999999997	9888
2.86585	9835
2.8659	9832
2.8659499999999998	9830
2.866	9850
2.86605	9831
2.8661	9886
2.8661499999999998	9910
2.8662	9893
2.86625	9899
2.8663	9918
2.8663499999999997	9937
2.8664	9893
2.86645	9972
2.8665	9918
2.8665499999999997	9938
2.8666	9895
2.86665	9935
2.8667	9896
2.86675	9958
2.8668	9878
2.86685	9899
2.8669	9944
2.86695	9896
2.867	9898
2.86705	9904
2.8670999999999998	9862
2.86715	9873
2.8672	9876
2.86725	9897
2.8672999999999997	9886
2.86735	9831
2.8674	9812
2.86745	9848
2.8674999999999997	9797
2.86755	9821
2.8676	9861
2.86765	9825
2.8677	9817
2.86775	9885
2.8678	9831
2.86785	9832
2.8679	9807
2.86795	9892
2.868	9838
2.8680499999999998	9860
2.8681	9850
2.86815	9853
2.8682	9858
2.8682499999999997	9863
2.8683	9847
2.86835	9826
2.8684	9878
2.86845	9903
2.8685	9877
2.86855	9898
2.8686	9884
2.86865	9980
2.8687	9899
2.86875	9909
2.8688	9864
2.86885	9876
2.8689	9926
2.86895	9879
2.8689999999999998	9872
2.86905	9906
2.8691	9904
2.86915	9880
2.8692	9898
2.86925	9914
2.8693	9897
2.86935	9868
2.8694	9830
2.86945	9839
2.8695	9811
2.86955	9914
2.8696	9840
2.86965	9850
2.8697	9823
2.86975	9799
2.8698	9809
2.86985	9828
2.8699	9783
2.86995	9841
2.87	9830
2.87005	9899
2.8701	9891
2.87015	9864
2.8702	9769
2.87025	9822
2.8703	9917
2.87035	9786
2.8704	9950
2.87045	9912
2.8705	9891
2.87055	9879
2.8706	9947
2.87065	9910
2.8707	9963
2.87075	9929
2.8708	9927
2.87085	9970
2.8709000000000002	9957
2.87095	10007
2.871	9955
2.87105	9940
2.8711	9961
2.87115	9974
2.8712	9996
2.87125	9966
2.8713	9994
2.87135	9951
2.8714	9974
2.87145	9976
2.8715	10018
2.87155	10049
2.8716	10009
2.87165	10043
2.8717	10016
2.87175	10006
2.8718	9961
2.8718500000000002	9972
2.8719	10029
2.87195	9985
2.872	10027
2.87205	10005
2.8721	9982
2.87215	9981
2.8722	10050
2.87225	10046
2.8723	10020
2.87235	9926
2.8724	9908
2.87245	9993
2.8625	9958
2.8625499999999997	9937
2.8626	10012
2.86265	9980
2.8627	9985
2.8627499999999997	9993
2.8628	9998
2.86285	10030
2.8629	9987
2.8629499999999997	9990
2.863	10019
2.86305	10003
2.8630999999999998	9952
2.8631499999999996	9982
2.8632	9966
2.86325	9982
2.8632999999999997	10000
2.86335	9954
2.8634	9972
2.86345	9938
2.8634999999999997	10028
2.86355	9958
2.8636	9984
2.86365	9966
2.8636999999999997	10023
2.86375	9949
2.8638	10040
2.86385	9959
2.8638999999999997	10014
2.86395	10016
2.864	9981
2.8640499999999998	9970
2.8640999999999996	10031
2.86415	9976
2.8642	10016
2.8642499999999997	9974
2.8643	9913
2.86435	9988
2.8644	9987
2.8644499999999997	9902
2.8645	9989
2.86455	9992
2.8646	9946
2.8646499999999997	9920
2.8647	9933
2.86475	9904
2.8648	9937
2.8648499999999997	9959
2.8649	9891
2.86495	9927
2.8649999999999998	9912
2.86505	9882
2.8651	9897
2.86515	9908
2.8651999999999997	9913
2.86525	9800
2.8653	9918
2.86535	9900
2.8653999999999997	9847
2.86545	9859
2.8655	9884
2.86555	9869
2.8655999999999997	9857
2.86565	9827
2.8657	9840
2.86575	9835
2.8657999999999997	9836
2.86585	9889
2.8659	9844
2.8659499999999998	9956
2.866	9800
2.86605	9898
2.8661	9937
2.8661499999999998	9904
2.8662	9917
2.86625	9900
2.8663	9849
2.8663499999999997	9918
2.8664	9879
2.86645	9940
2.8665	9930
2.8665499999999997	9886
2.8666	9913
2.86665	9952
2.8667	9954
2.86675	9922
2.8668	9886
2.86685	9902
2.8669	9888
2.86695	9912
2.867	9916
2.86705	9920
2.8670999999999998	9872
2.86715	9895
2.8672	9883
2.86725	9902
2.8672999999999997	9905
2.86735	9876
2.8674	9827
2.86745	9848
2.8674999999999997	9862
2.86755	9888
2.8676	9792
2.86765	9847
2.8677	9824
2.86775	9825
2.8678	9767
2.86785	9858
2.8679	9853
2.86795	9832
2.868	9844
2.8680499999999998	9844
2.8681	9847
2.86815	9859
2.8682	9817
2.8682499999999997	9868
2.8683	9895
2.86835	9911
2.8684	9846
2.86845	9876
2.8685	9924
2.86855	9863
2.8686	9890
2.86865	9930
2.8687	9889
2.86875	9918
2.8688	9903
2.86885	9941
2.8689	9881
2.86895	9868
2.8689999999999998	9832
2.86905	9918
2.8691	9913
2.86915	9873
2.8692	9915
2.86925	9805
2.8693	9885
2.86935	9842
2.8694	9843
2.86945	9824
2.8695	9839
2.86955	9798
2.8696	9852
2.86965	9841
2.8697	9842
2.86975	9830
2.8698	9838
2.86985	9739
2.8699	9812
2.86995	9826
2.87	9851
2.87005	9805
2.8701	9853
2.87015	9914
2.8702	9818
2.87025	9799
2.8703	9888
2.87035	9916
2.8704	9823
2.87045	9875
2.8705	9932
2.87055	9909
2.8706	9923
2.87065	9928
2.8707	9964
2.87075	9926
2.8708	9942
2.87085	9933
2.8709000000000002	9955
2.87095	9929
2.871	9942
2.87105	10029
2.8711	9955
2.87115	10029
2.8712	10005
2.87125	9963
2.8713	9929
2.87135	9959
2.8714	10009
2.87145	9956
2.8715	9938
2.87155	9970
2.8716	9998
2.87165	10014
2.8717	10048
2.87175	9982
2.8718	10023
2.8718500000000002	9996
2.8719	9994
2.87195	9986
2.872	9990
2.87205	9985
2.8721	9985
2.87215	9958
2.8722	9994
2.87225	9987
2.8723	10035
2.87235	9922
2.8724	9995
2.87245	9992
2.8625	9960
2.8625499999999997	9976
2.8626	10017
2.86265	9966
2.8627	9943
2.8627499999999997	9995
2.8628	10022
2.86285	9956
2.8629	9940
2.8629499999999997	10015
2.863	9973
2.86305	10006
2.8630999999999998	9987
2.8631499999999996	9997
2.8632	10043
2.86325	9930
2.8632999999999997	9946
2.86335	9985
2.8634	9965
2.86345	9958
2.8634999999999997	10007
2.86355	9992
2.8636	9989
2.86365	9933
2.8636999999999997	9923
2.86375	9968
2.8638	9975
2.86385	9914
2.8638999999999997	9979
2.86395	9975
2.864	9986
2.8640499999999998	10018
2.8640999999999996	9983
2.86415	9924
2.8642	9979
2.8642499999999997	9933
2.8643	9979
2.86435	9977
2.8644	9965
2.8644499999999997	9938
2.8645	9929
2.86455	9972
2.8646	9940
2.8646499999999997	9980
2.8647	9961
2.86475	9909
2.8648	9882
2.8648499999999997	9853
2.8649	9926
2.86495	9939
2.8649999999999998	9885
2.86505	9935
2.8651	9888
2.86515	9873
2.8651999999999997	9894
2.86525	9850
2.8653	9838
2.86535	9861
2.8653999999999997	9811
2.86545	9832
2.8655	9824
2.86555	9820
2.8655999999999997	9812
2.86565	9853
2.8657	9840
2.86575	9840
2.8657999999999997	9900
2.86585	9790
2.8659	9844
2.8659499999999998	9859
2.866	9830
2.86605	9885
2.8661	9851
2.8661499999999998	9864
2.8662	9925
2.86625	9880
2.8663	9858
2.8663499999999997	9884
2.8664	9879
2.86645	9886
2.8665	9946
2.8665499999999997	9938
2.8666	9902
2.86665	9890
2.8667	9886
2.86675	9854
2.8668	9919
2.86685	9848
2.8669	9915
2.86695	9920
2.867	9837
2.86705	9821
2.8670999999999998	9883
2.86715	9850
2.8672	9891
2.86725	9909
2.8672999999999997	9854
2.86735	9859
2.8674	9782
2.86745	9839
2.8674999999999997	9829
2.86755	9770
2.8676	9814
2.86765	9748
2.8677	9851
2.86775	9795
2.8678	9869
2.86785	9796
2.8679	9776
2.86795	9826
2.868	9835
2.8680499999999998	9770
2.8681	9804
2.86815	9827
2.8682	9844
2.8682499999999997	9814
2.8683	9869
2.86835	9831
2.8684	9845
2.86845	9884
2.8685	9862
2.86855	9915
2.8686	9868
2.86865	9848
2.8687	9884
2.86875	9925
2.8688	9899
2.86885	9899
2.8689	9856
2.86895	9870
2.8689999999999998	9885
2.86905	9872
2.8691	9919
2.86915	9873
2.8692	9829
2.86925	9806
2.8693	9792
2.86935	9881
2.8694	9807
2.86945	9781
2.8695	9852
2.86955	9805
2.8696	9816
2.86965	9787
2.8697	9813
2.86975	9814
2.8698	9749
2.86985	9814
2.8699	9835
2.86995	9817
2.87	9815
2.87005	9880
2.8701	9850
2.87015	9849
2.8702	9836
2.87025	9847
2.8703	9844
2.87035	9867
2.8704	9833
2.87045	9924
2.8705	9910
2.87055	9880
2.8706	9973
2.87065	9890
2.8707	9951
2.87075	9882
2.8708	9958
2.87085	9946
2.8709000000000002	9924
2.87095	9953
2.871	9949
2.87105	9923
2.8711	9908
2.87115	10030
2.8712	9940
2.87125	9972
2.8713	9944
2.87135	9962
2.8714	9980
2.87145	9926
2.8715	9994
2.87155	9911
2.8716	9967
2.87165	9972
2.8717	9949
2.87175	9967
2.8718	9977
2.8718500000000002	10001
2.8719	9955
2.87195	9957
2.872	9971
2.87205	9971
2.8721	9975
2.87215	10010
2.8722	9974
2.87225	9943
2.8723	9938
2.87235	9986
2.8724	9934
2.87245	9946
2.8625	9896
2.8625499999999997	9995
2.8626	9992
2.86265	9930
2.8627	9932
2.8627499999999997	9923
2.8628	9978
2.86285	9998
2.8629	9985
2.8629499999999997	9940
2.863	9963
2.86305	9932
2.8630999999999998	9987
2.8631499999999996	9980
2.8632	9925
2.86325	9963
2.8632999999999997	9956
2.86335	10008
2.8634	9953
2.86345	9946
2.8634999999999997	9919
2.86355	9989
2.8636	9982
2.86365	9949
2.8636999999999997	9908
2.86375	9962
2.8638	9896
2.86385	10016
2.8638999999999997	9958
2.86395	9944
2.864	9910
2.8640499999999998	9974
2.8640999999999996	9961
2.86415	9935
2.8642	9989
2.8642499999999997	10002
2.8643	9876
2.86435	9935
2.8644	9940
2.8644499999999997	9975
2.8645	9926
2.86455	9895
2.8646	10011
2.8646499999999997	9962
2.8647	9937
2.86475	9849
2.8648	9881
2.8648499999999997	9889
2.8649	9886
2.86495	9856
2.8649999999999998	9918
2.86505	9910
2.8651	9847
2.86515	9853
2.8651999999999997	9841
2.86525	9796
2.8653	9887
2.86535	9819
2.8653999999999997	9833
2.86545	9785
2.8655	9853
2.86555	9756
2.8655999999999997	9816
2.86565	9825
2.8657	9770
2.86575	9785
2.8657999999999997	9842
2.86585	9821
2.8659	9808
2.8659499999999998	9815
2.866	9857
2.86605	9907
2.8661	9850
2.8661499999999998	9879
2.8662	9870
2.86625	9848
2.8663	9825
2.8663499999999997	9865
2.8664	9918
2.86645	9877
2.8665	9897
2.8665499999999997	9941
2.8666	9889
2.86665	9895
2.8667	9867
2.86675	9889
2.8668	9858
2.86685	9875
2.8669	9906
2.86695	9901
2.867	9941
2.86705	9917
2.8670999999999998	9885
2.86715	9870
2.8672	9891
2.86725	9817
2.8672999999999997	9851
2.86735	9828
2.8674	9774
2.86745	9788
2.8674999999999997	9825
2.86755	9807
2.8676	9770
2.86765	9811
2.8677	9818
2.86775	9782
2.8678	9777
2.86785	9795
2.8679	9851
2.86795	9835
2.868	9819
2.8680499999999998	9852
2.8681	9870
2.86815	9819
2.8682	9839
2.8682499999999997	9850
2.8683	9831
2.86835	9912
2.8684	9894
2.86845	9848
2.8685	9882
2.86855	9883
2.8686	9901
2.86865	9911
2.8687	9933
2.86875	9841
2.8688	9901
2.86885	9927
2.8689	9896
2.86895	9905
2.8689999999999998	9861
2.86905	9920
2.8691	9881
2.86915	9874
2.8692	9871
2.86925	9898
2.8693	9880
2.86935	9872
2.8694	9844
2.86945	9827
2.8695	9843
2.86955	9827
2.8696	9841
2.86965	9801
2.8697	9809
2.86975	9841
2.8698	9792
2.86985	9800
2.8699	9786
2.86995	9820
2.87	9808
2.87005	9804
2.8701	9834
2.87015	9870
2.8702	9852
2.87025	9834
2.8703	9841
2.87035	9876
2.8704	9910
2.87045	9909
2.8705	9911
2.87055	9882
2.8706	9938
2.87065	9851
2.8707	9911
2.87075	9941
2.8708	9942
2.87085	9982
2.8709000000000002	9919
2.87095	9957
2.871	9926
2.87105	9939
2.8711	9935
2.87115	9925
2.8712	9982
2.87125	9969
2.8713	10018
2.87135	9947
2.8714	9968
2.87145	10046
2.8715	10020
2.87155	9994
2.8716	9992
2.87165	9958
2.8717	9964
2.87175	9973
2.8718	10014
2.8718500000000002	10035
2.8719	9959
2.87195	9954
2.872	10000
2.87205	10026
2.8721	9994
2.87215	10016
2.8722	10031
2.87225	9995
2.8723	10014
2.87235	9981
2.8724	9977
2.87245	9994
2.8625	10007
2.8625499999999997	9987
2.8626	10038
2.86265	10041
2.8627	9945
2.8627499999999997	9960
2.8628	9985
2.86285	9980
2.8629	9991
2.8629499999999997	10006
2.863	9933
2.86305	9910
2.8630999999999998	10019
2.8631499999999996	10030
2.8632	9985
2.86325	9998
2.8632999999999997	9988
2.86335	9958
2.8634	10009
2.86345	9968
2.8634999999999997	9926
2.86355	10038
2.8636	9982
2.86365	9948
2.8636999999999997	9873
2.86375	9981
2.8638	9987
2.86385	10007
2.8638999999999997	9978
2.86395	10008
2.864	9987
2.8640499999999998	10019
2.8640999999999996	10003
2.86415	9948
2.8642	9982
2.8642499999999997	9931
2.8643	10021
2.86435	10057
2.8644	9934
2.8644499999999997	10010
2.8645	9983
2.86455	9990
2.8646	9981
2.8646499999999997	9969
2.8647	9919
2.86475	9956
2.8648	9951
2.8648499999999997	9884
2.8649	9916
2.86495	9927
2.8649999999999998	9851
2.86505	9901
2.8651	9908
2.86515	9907
2.8651999999999997	9845
2.86525	9898
2.8653	9872
2.86535	9821
2.8653999999999997	9803
2.86545	9759
2.8655	9899
2.86555	9810
2.8655999999999997	9848
2.86565	9843
2.8657	9848
2.86575	9846
2.8657999999999997	9814
2.86585	9860
2.8659	9790
2.8659499999999998	9875
2.866	9808
2.86605	9846
2.8661	9855
2.8661499999999998	9893
2.8662	9841
2.86625	9915
2.8663	9893
2.8663499999999997	9943
2.8664	9882
2.86645	9889
2.8665	9922
2.8665499999999997	9903
2.8666	9927
2.86665	9914
2.8667	9890
2.86675	9926
2.8668	9912
2.86685	9946
2.8669	9914
2.86695	9867
2.867	9944
2.86705	9863
2.8670999999999998	9948
2.86715	9840
2.8672	9881
2.86725	9839
2.8672999999999997	9790
2.86735	9838
2.8674	9804
2.86745	9853
2.8674999999999997	9829
2.86755	9858
2.8676	9850
2.86765	9824
2.8677	9843
2.86775	9810
2.8678	9798
2.86785	9880
2.8679	9863
2.86795	9843
2.868	9882
2.8680499999999998	9829
2.8681	9838
2.86815	9860
2.8682	9861
2.8682499999999997	9880
2.8683	9840
2.86835	9857
2.8684	9841
2.86845	9871
2.8685	9867
2.86855	9917
2.8686	9948
2.86865	9878
2.8687	9920
2.86875	9933
2.8688	9895
2.86885	9941
2.8689	9909
2.86895	9909
2.8689999999999998	9925
2.86905	9853
2.8691	9904
2.86915	9896
2.8692	9846
2.86925	9877
2.8693	9901
2.86935	9912
2.8694	9889
2.86945	9832
2.8695	9826
2.86955	9833
2.8696	9841
2.86965	9800
2.8697	9861
2.86975	9858
2.8698	9777
2.86985	9793
2.8699	9857
2.86995	9830
2.87	9829
2.87005	9874
2.8701	9809
2.87015	9866
2.8702	9833
2.87025	9892
2.8703	9792
2.87035	9887
2.8704	9874
2.87045	9872
2.8705	9911
2.87055	9936
2.8706	9891
2.87065	9924
2.8707	9947
2.87075	9917
2.8708	9927
2.87085	10011
2.8709000000000002	9939
2.87095	9953
2.871	9911
2.87105	9978
2.8711	9998
2.87115	10019
2.8712	9972
2.87125	10030
2.8713	9953
2.87135	9970
2.8714	9959
2.87145	9987
2.8715	9991
2.87155	9982
2.8716	9972
2.87165	9983
2.8717	10002
2.87175	10004
2.8718	10010
2.8718500000000002	9976
2.8719	9996
2.87195	10046
2.872	9960
2.87205	9987
2.8721	10039
2.87215	10046
2.8722	9993
2.87225	10048
2.8723	10000
2.87235	9964
2.8724	9984
2.87245	9963
2.8625	9946
2.8625499999999997	10026
2.8626	9909
2.86265	10012
2.8627	10020
2.8627499999999997	9983
2.8628	9938
2.86285	10004
2.8629	9978
2.8629499999999997	9993
2.863	9969
2.86305	10004
2.8630999999999998	9979
2.8631499999999996	9969
2.8632	9994
2.86325	9983
2.8632999999999997	9949
2.86335	9984
2.8634	9992
2.86345	9966
2.8634999999999997	10024
2.86355	9986
2.8636	10040
2.86365	9962
2.8636999999999997	9958
2.86375	10026
2.8638	9969
2.86385	10036
2.8638999999999997	9984
2.86395	9953
2.864	9926
2.8640499999999998	9948
2.8640999999999996	10028
2.86415	9959
2.8642	10025
2.8642499999999997	9978
2.8643	9956
2.86435	9994
2.8644	9993
2.8644499999999997	9966
2.8645	9954
2.86455	9976
2.8646	9941
2.8646499999999997	9924
2.8647	9957
2.86475	9931
2.8648	9915
2.8648499999999997	9928
2.8649	9916
2.86495	9910
2.8649999999999998	9905
2.86505	9880
2.8651	9865
2.86515	9863
2.8651999999999997	9860
2.86525	9831
2.8653	9882
2.86535	9889
2.8653999999999997	9869
2.86545	9820
2.8655	9841
2.86555	9838
2.8655999999999997	9848
2.86565	9778
2.8657	9827
2.86575	9826
2.8657999999999997	9897
2.86585	9848
2.8659	9845
2.8659499999999998	9892
2.866	9862
2.86605	9861
2.8661	9858
2.8661499999999998	9877
2.8662	9920
2.86625	9896
2.8663	9897
2.8663499999999997	9891
2.8664	9883
2.86645	9951
2.8665	9920
2.8665499999999997	9892
2.8666	9933
2.86665	9921
2.8667	9929
2.86675	9908
2.8668	9895
2.86685	9866
2.8669	9891
2.86695	9882
2.867	9930
2.86705	9864
2.8670999999999998	9830
2.86715	9818
2.8672	9878
2.86725	9848
2.8672999999999997	9874
2.86735	9873
2.8674	9838
2.86745	9845
2.8674999999999997	9809
2.86755	9819
2.8676	9813
2.86765	9822
2.8677	9839
2.86775	9799
2.8678	9815
2.86785	9801
2.8679	9873
2.86795	9853
2.868	9862
2.8680499999999998	9836
2.8681	9848
2.86815	9819
2.8682	9836
2.8682499999999997	9812
2.8683	9820
2.86835	9884
2.8684	9899
2.86845	9892
2.8685	9901
2.86855	9948
2.8686	9937
2.86865	9952
2.8687	9877
2.86875	9904
2.8688	9945
2.86885	9912
2.8689	9916
2.86895	9890
2.8689999999999998	9926
2.86905	9822
2.8691	9887
2.86915	9902
2.8692	9890
2.86925	9908
2.8693	9896
2.86935	9876
2.8694	9887
2.86945	9839
2.8695	9870
2.86955	9796
2.8696	9795
2.86965	9831
2.8697	9863
2.86975	9850
2.8698	9843
2.86985	9807
2.8699	9876
2.86995	9859
2.87	9887
2.87005	9818
2.8701	9908
2.87015	9884
2.8702	9868
2.87025	9821
2.8703	9879
2.87035	9858
2.8704	9893
2.87045	9882
2.8705	9893
2.87055	9896
2.8706	9937
2.87065	9928
2.8707	9937
2.87075	9976
2.8708	9886
2.87085	9922
2.8709000000000002	9910
2.87095	9950
2.871	10003
2.87105	9983
2.8711	9994
2.87115	9935
2.8712	9930
2.87125	9950
2.8713	9977
2.87135	9952
2.8714	9977
2.87145	9956
2.8715	10040
2.87155	10011
2.8716	9977
2.87165	10012
2.8717	9985
2.87175	10003
2.8718	9964
2.8718500000000002	10043
2.8719	10003
2.87195	10002
2.872	10031
2.87205	10038
2.8721	10065
2.87215	10040
2.8722	9973
2.87225	10009
2.8723	10024
2.87235	9981
2.8724	10082
2.87245	9990
2.8625	9984
2.8625499999999997	9966
2.8626	9984
2.86265	10025
2.8627	9990
2.8627499999999997	9968
2.8628	9976
2.86285	9991
2.8629	9995
2.8629499999999997	10038
2.863	9982
2.86305	9973
2.8630999999999998	10015
2.8631499999999996	10032
2.8632	10003
2.86325	9950
2.8632999999999997	10042
2.86335	9982
2.8634	10064
2.86345	10013
2.8634999999999997	10028
2.86355	10024
2.8636	9980
2.86365	10011
2.8636999999999997	9990
2.86375	9968
2.8638	9999
2.86385	9994
2.8638999999999997	9987
2.86395	10063
2.864	9992
2.8640499999999998	9986
2.8640999999999996	9999
2.86415	9983
2.8642	10023
2.8642499999999997	10004
2.8643	9990
2.86435	10004
2.8644	9948
2.8644499999999997	10028
2.8645	10000
2.86455	9902
2.8646	9978
2.8646499999999997	9963
2.8647	9950
2.86475	9895
2.8648	9938
2.8648499999999997	9913
2.8649	9910
2.86495	9929
2.8649999999999998	9912
2.86505	9915
2.8651	9958
2.86515	9993
2.8651999999999997	9842
2.86525	9911
2.8653	9914
2.86535	9847
2.8653999999999997	9840
2.86545	9812
2.8655	9909
2.86555	9865
2.8655999999999997	9857
2.86565	9790
2.8657	9822
2.86575	9819
2.8657999999999997	9893
2.86585	9898
2.8659	9880
2.8659499999999998	9882
2.866	9882
2.86605	9935
2.8661	9841
2.8661499999999998	9891
2.8662	9863
2.86625	9946
2.8663	9873
2.8663499999999997	10004
2.8664	9916
2.86645	9931
2.8665	9952
2.8665499999999997	9888
2.8666	9924
2.86665	9936
2.8667	9897
2.86675	9927
2.8668	9932
2.86685	9898
2.8669	9863
2.86695	9887
2.867	9911
2.86705	9953
2.8670999999999998	9900
2.86715	9850
2.8672	9893
2.86725	9918
2.8672999999999997	9868
2.86735	9796
2.8674	9892
2.86745	9862
2.8674999999999997	9839
2.86755	9854
2.8676	9811
2.86765	9811
2.8677	9912
2.86775	9823
2.8678	9827
2.86785	9853
2.8679	9799
2.86795	9813
2.868	9854
2.8680499999999998	9792
2.8681	9853
2.86815	9860
2.8682	9853
2.8682499999999997	9811
2.8683	9870
2.86835	9888
2.8684	9877
2.86845	9845
2.8685	9898
2.86855	9905
2.8686	9867
2.86865	9894
2.8687	9885
2.86875	9863
2.8688	9898
2.86885	9872
2.8689	9892
2.86895	9925
2.8689999999999998	9891
2.86905	9890
2.8691	9833
2.86915	9895
2.8692	9868
2.86925	9895
2.8693	9861
2.86935	9851
2.8694	9809
2.86945	9837
2.8695	9880
2.86955	9847
2.8696	9812
2.86965	9783
2.8697	9838
2.86975	9799
2.8698	9806
2.86985	9838
2.8699	9849
2.86995	9826
2.87	9791
2.87005	9833
2.8701	9789
2.87015	9838
2.8702	9843
2.87025	9835
2.8703	9826
2.87035	9916
2.8704	9877
2.87045	9876
2.8705	9889
2.87055	9889
2.8706	9930
2.87065	9949
2.8707	9956
2.87075	9834
2.8708	9855
2.87085	9951
2.8709000000000002	9972
2.87095	9908
2.871	9950
2.87105	9959
2.8711	9909
2.87115	9965
2.8712	9920
2.87125	9987
2.8713	9973
2.87135	9978
2.8714	9954
2.87145	9987
2.8715	9895
2.87155	9995
2.8716	9982
2.87165	9987
2.8717	9982
2.87175	9965
2.8718	9994
2.8718500000000002	9942
2.8719	9977
2.87195	9987
2.872	10012
2.87205	9974
2.8721	10017
2.87215	10012
2.8722	9987
2.87225	9975
2.8723	10032
2.87235	9953
2.8724	9959
2.87245	9999
2.8625	9988
2.8625499999999997	9958
2.8626	9954
2.86265	9929
2.8627	9995
2.8627499999999997	9940
2.8628	9977
2.86285	9996
2.8629	10027
2.8629499999999997	10019
2.863	10016
2.86305	9966
2.8630999999999998	9965
2.8631499999999996	9957
2.8632	10009
2.86325	9967
2.8632999999999997	9952
2.86335	10060
2.8634	9986
2.86345	10007
2.8634999999999997	10006
2.86355	9986
2.8636	9979
2.86365	10005
2.8636999999999997	10006
2.86375	9983
2.8638	9977
2.86385	9943
2.8638999999999997	9984
2.86395	9989
2.864	9983
2.8640499999999998	9959
2.8640999999999996	9990
2.86415	10022
2.8642	9974
2.8642499999999997	10000
2.8643	9953
2.86435	9972
2.8644	9983
2.8644499999999997	9969
2.8645	10014
2.86455	9954
2.8646	9963
2.8646499999999997	9960
2.8647	9972
2.86475	9970
2.8648	9924
2.8648499999999997	9967
2.8649	9914
2.86495	9971
2.8649999999999998	9957
2.86505	9857
2.8651	9943
2.86515	9861
2.8651999999999997	9883
2.86525	9875
2.8653	9890
2.86535	9897
2.8653999999999997	9821
2.86545	9822
2.8655	9865
2.86555	9823
2.8655999999999997	9803
2.86565	9872
2.8657	9785
2.86575	9810
2.8657999999999997	9804
2.86585	9914
2.8659	9896
2.8659499999999998	9808
2.866	9814
2.86605	9885
2.8661	9927
2.8661499999999998	9851
2.8662	9876
2.86625	9920
2.8663	9930
2.8663499999999997	9956
2.8664	9890
2.86645	9927
2.8665	9907
2.8665499999999997	9976
2.8666	9924
2.86665	9885
2.8667	9925
2.86675	9938
2.8668	9893
2.86685	9874
2.8669	9861
2.86695	9876
2.867	9927
2.86705	9897
2.8670999999999998	9854
2.86715	9828
2.8672	9820
2.86725	9862
2.8672999999999997	9911
2.86735	9869
2.8674	9874
2.86745	9886
2.8674999999999997	9826
2.86755	9856
2.8676	9814
2.86765	9812
2.8677	9825
2.86775	9870
2.8678	9858
2.86785	9854
2.8679	9845
2.86795	9780
2.868	9848
2.8680499999999998	9874
2.8681	9850
2.86815	9833
2.8682	9885
2.8682499999999997	9866
2.8683	9850
2.86835	9887
2.8684	9898
2.86845	9869
2.8685	9924
2.86855	9860
2.8686	9922
2.86865	9887
2.8687	9909
2.86875	9868
2.8688	9918
2.86885	9905
2.8689	9923
2.86895	9891
2.8689999999999998	9906
2.86905	9898
2.8691	9880
2.86915	9856
2.8692	9840
2.86925	9884
2.8693	9890
2.86935	9888
2.8694	9836
2.86945	9825
2.8695	9831
2.86955	9870
2.8696	9886
2.86965	9793
2.8697	9784
2.86975	9817
2.8698	9899
2.86985	9819
2.8699	9796
2.86995	9841
2.87	9871
2.87005	9838
2.8701	9833
2.87015	9788
2.8702	9869
2.87025	9856
2.8703	9869
2.87035	9924
2.8704	9943
2.87045	9919
2.8705	9940
2.87055	9921
2.8706	9947
2.87065	9965
2.8707	9929
2.87075	9920
2.8708	9976
2.87085	9978
2.8709000000000002	9939
2.87095	9972
2.871	9986
2.87105	9973
2.8711	10059
2.87115	9981
2.8712	9988
2.87125	9965
2.8713	10004
2.87135	9983
2.8714	9982
2.87145	9973
2.8715	9998
2.87155	9969
2.8716	9974
2.87165	9973
2.8717	9967
2.87175	10033
2.8718	9998
2.8718500000000002	10065
2.8719	10022
2.87195	10013
2.872	10041
2.87205	10002
2.8721	9993
2.87215	10019
2.8722	9976
2.87225	10025
2.8723	9962
2.87235	10022
2.8724	9966
2.87245	9961
2.8625	9947
2.8625499999999997	10009
2.8626	9969
2.86265	9975
2.8627	9983
2.8627499999999997	9987
2.8628	10002
2.86285	9974
2.8629	9993
2.8629499999999997	9971
2.863	9978
2.86305	10013
2.8630999999999998	9978
2.8631499999999996	9974
2.8632	10020
2.86325	9949
2.8632999999999997	10022
2.86335	10019
2.8634	10030
2.86345	10041
2.8634999999999997	9985
2.86355	9964
2.8636	10029
2.86365	10030
2.8636999999999997	9996
2.86375	9975
2.8638	10001
2.86385	9994
2.8638999999999997	9952
2.86395	10022
2.864	9978
2.8640499999999998	9991
2.8640999999999996	9983
2.86415	9936
2.8642	9984
2.8642499999999997	10048
2.8643	9983
2.86435	9968
2.8644	9947
2.8644499999999997	10016
2.8645	9977
2.86455	10011
2.8646	9919
2.8646499999999997	9924
2.8647	10017
2.86475	9947
2.8648	9907
2.8648499999999997	9868
2.8649	9903
2.86495	9988
2.8649999999999998	9912
2.86505	9910
2.8651	9840
2.86515	9894
2.8651999999999997	9882
2.86525	9864
2.8653	9846
2.86535	9857
2.8653999999999997	9826
2.86545	9881
2.8655	9799
2.86555	9858
2.8655999999999997	9833
2.86565	9864
2.8657	9863
2.86575	9842
2.8657999999999997	9836
2.86585	9841
2.8659	9886
2.8659499999999998	9806
2.866	9896
2.86605	9787
2.8661	9865
2.8661499999999998	9930
2.8662	9851
2.86625	9914
2.8663	9856
2.8663499999999997	9886
2.8664	9904
2.86645	9952
2.8665	9869
2.8665499999999997	9946
2.8666	9856
2.86665	9948
2.8667	9864
2.86675	9907
2.8668	9969
2.86685	9869
2.8669	9920
2.86695	9889
2.867	9904
2.86705	9878
2.8670999999999998	9887
2.86715	9888
2.8672	9902
2.86725	9881
2.8672999999999997	9827
2.86735	9913
2.8674	9813
2.86745	9861
2.8674999999999997	9871
2.86755	9835
2.8676	9838
2.86765	9816
2.8677	9822
2.86775	9856
2.8678	9823
2.86785	9875
2.8679	9826
2.86795	9797
2.868	9796
2.8680499999999998	9874
2.8681	9796
2.86815	9875
2.8682	9831
2.8682499999999997	9843
2.8683	9832
2.86835	9824
2.8684	9916
2.86845	9897
2.8685	9896
2.86855	9918
2.8686	9909
2.86865	9856
2.8687	9951
2.86875	9905
2.8688	9963
2.86885	9919
2.8689	9907
2.86895	9885
2.8689999999999998	9929
2.86905	9902
2.8691	9922
2.86915	9882
2.8692	9896
2.86925	9892
2.8693	9839
2.86935	9883
2.8694	9814
2.86945	9815
2.8695	9849
2.86955	9900
2.8696	9815
2.86965	9901
2.8697	9849
2.86975	9789
2.8698	9784
2.86985	9881
2.8699	9879
2.86995	9808
2.87	9849
2.87005	9833
2.8701	9838
2.87015	9810
2.8702	9852
2.87025	9862
2.8703	9890
2.87035	9865
2.8704	9893
2.87045	9911
2.8705	9926
2.87055	9958
2.8706	9912
2.87065	9898
2.8707	9928
2.87075	9876
2.8708	9960
2.87085	9960
2.8709000000000002	9967
2.87095	10025
2.871	9949
2.87105	9978
2.8711	9983
2.87115	9991
2.8712	9974
2.87125	10009
2.8713	9978
2.87135	10010
2.8714	9998
2.87145	9971
2.8715	10033
2.87155	10056
2.8716	9984
2.87165	9993
2.8717	10016
2.87175	9971
2.8718	9975
2.8718500000000002	10017
2.8719	9991
2.87195	10016
2.872	10002
2.87205	10011
2.8721	10057
2.87215	10042
2.8722	10021
2.87225	10001
2.8723	9988
2.87235	10012
2.8724	9956
2.87245	10028
2.8625	9960
2.8625499999999997	9967
2.8626	10013
2.86265	9976
2.8627	9954
2.8627499999999997	10013
2.8628	10039
2.86285	10011
2.8629	10023
2.8629499999999997	9998
2.863	10007
2.86305	9987
2.8630999999999998	9977
2.8631499999999996	9976
2.8632	9923
2.86325	9987
2.8632999999999997	10008
2.86335	10027
2.8634	10052
2.86345	10075
2.8634999999999997	10018
2.86355	10049
2.8636	9985
2.86365	9946
2.8636999999999997	10007
2.86375	9939
2.8638	10027
2.86385	10013
2.8638999999999997	9991
2.86395	9968
2.864	9981
2.8640499999999998	9973
2.8640999999999996	9975
2.86415	9978
2.8642	10027
2.8642499999999997	10022
2.8643	10057
2.86435	10020
2.8644	9977
2.8644499999999997	10043
2.8645	9954
2.86455	9982
2.8646	9908
2.8646499999999997	10013
2.8647	9871
2.86475	9969
2.8648	9944
2.8648499999999997	9931
2.8649	9922
2.86495	9882
2.8649999999999998	9922
2.86505	9902
2.8651	9899
2.86515	9969
2.8651999999999997	9918
2.86525	9836
2.8653	9917
2.86535	9832
2.8653999999999997	9891
2.86545	9905
2.8655	9816
2.86555	9845
2.8655999999999997	9819
2.86565	9811
2.8657	9790
2.86575	9840
2.8657999999999997	9842
2.86585	9873
2.8659	9866
2.8659499999999998	9807
2.866	9930
2.86605	9842
2.8661	9892
2.8661499999999998	9874
2.8662	9971
2.86625	9887
2.8663	9959
2.8663499999999997	9901
2.8664	9869
2.86645	9917
2.8665	9945
2.8665499999999997	9939
2.8666	9954
2.86665	9980
2.8667	9905
2.86675	9961
2.8668	9907
2.86685	9897
2.8669	9913
2.86695	9964
2.867	9887
2.86705	9904
2.8670999999999998	9822
2.86715	9950
2.8672	9870
2.86725	9849
2.8672999999999997	9893
2.86735	9864
2.8674	9876
2.86745	9875
2.8674999999999997	9788
2.86755	9882
2.8676	9885
2.86765	9746
2.8677	9853
2.86775	9768
2.8678	9824
2.86785	9849
2.8679	9922
2.86795	9792
2.868	9881
2.8680499999999998	9874
2.8681	9840
2.86815	9801
2.8682	9884
2.8682499999999997	9925
2.8683	9886
2.86835	9847
2.8684	9886
2.86845	9915
2.8685	9841
2.86855	9890
2.8686	9908
2.86865	9916
2.8687	9884
2.86875	9923
2.8688	9944
2.86885	9895
2.8689	9925
2.86895	9923
2.8689999999999998	9891
2.86905	9881
2.8691	9949
2.86915	9873
2.8692	9861
2.86925	9883
2.8693	9891
2.86935	9920
2.8694	9799
2.86945	9831
2.8695	9855
2.86955	9829
2.8696	9868
2.86965	9810
2.8697	9774
2.86975	9831
2.8698	9901
2.86985	9828
2.8699	9810
2.86995	9846
2.87	9860
2.87005	9836
2.8701	9891
2.87015	9927
2.8702	9873
2.87025	9876
2.8703	9919
2.87035	9863
2.8704	9916
2.87045	9909
2.8705	9933
2.87055	9924
2.8706	9914
2.87065	9904
2.8707	9916
2.87075	9932
2.8708	9951
2.87085	9913
2.8709000000000002	9938
2.87095	9917
2.871	9977
2.87105	9954
2.8711	9963
2.87115	9982
2.8712	9967
2.87125	9993
2.8713	9964
2.87135	9998
2.8714	10021
2.87145	10018
2.8715	10008
2.87155	9989
2.8716	10016
2.87165	10014
2.8717	9970
2.87175	9999
2.8718	10062
2.8718500000000002	10029
2.8719	10001
2.87195	10013
2.872	9968
2.87205	9942
2.8721	10053
2.87215	10010
2.8722	10013
2.87225	9988
2.8723	10033
2.87235	10003
2.8724	9967
2.87245	9940
2.8625	9956
2.8625499999999997	10003
2.8626	10030
2.86265	9992
2.8627	9935
2.8627499999999997	9990
2.8628	9970
2.86285	9978
2.8629	9975
2.8629499999999997	10039
2.863	9977
2.86305	9985
2.8630999999999998	10001
2.8631499999999996	9978
2.8632	10040
2.86325	10013
2.8632999999999997	10032
2.86335	9993
2.8634	9961
2.86345	10002
2.8634999999999997	10000
2.86355	10000
2.8636	10004
2.86365	9998
2.8636999999999997	9957
2.86375	9992
2.8638	10011
2.86385	9991
2.8638999999999997	9944
2.86395	10005
2.864	9986
2.8640499999999998	9931
2.8640999999999996	10004
2.86415	10011
2.8642	9959
2.8642499999999997	10005
2.8643	10050
2.86435	10022
2.8644	10000
2.8644499999999997	10002
2.8645	9942
2.86455	9973
2.8646	10009
2.8646499999999997	9964
2.8647	9966
2.86475	9983
2.8648	9952
2.8648499999999997	9947
2.8649	9933
2.86495	9962
2.8649999999999998	9895
2.86505	9956
2.8651	9952
2.86515	9878
2.8651999999999997	9920
2.86525	9863
2.8653	9826
2.86535	9874
2.8653999999999997	9922
2.86545	9932
2.8655	9872
2.86555	9919
2.8655999999999997	9822
2.86565	9849
2.8657	9827
2.86575	9866
2.8657999999999997	9809
2.86585	9843
2.8659	9887
2.8659499999999998	9847
2.866	9867
2.86605	9894
2.8661	9875
2.8661499999999998	9856
2.8662	9921
2.86625	9880
2.8663	9899
2.8663499999999997	9883
2.8664	9871
2.86645	9873
2.8665	9883
2.8665499999999997	9923
2.8666	9918
2.86665	9889
2.8667	9934
2.86675	9917
2.8668	9935
2.86685	9912
2.8669	9969
2.86695	9923
2.867	9887
2.86705	9884
2.8670999999999998	9901
2.86715	9874
2.8672	9918
2.86725	9881
2.8672999999999997	9873
2.86735	9837
2.8674	9878
2.86745	9882
2.8674999999999997	9864
2.86755	9816
2.8676	9852
2.86765	9789
2.8677	9858
2.86775	9827
2.8678	9789
2.86785	9835
2.8679	9853
2.86795	9796
2.868	9868
2.8680499999999998	9924
2.8681	9818
2.86815	9927
2.8682	9850
2.8682499999999997	9847
2.8683	9851
2.86835	9905
2.8684	9910
2.86845	9903
2.8685	9923
2.86855	9902
2.8686	9920
2.86865	9895
2.8687	9932
2.86875	9954
2.8688	9980
2.86885	9880
2.8689	9917
2.86895	9929
2.8689999999999998	9904
2.86905	9937
2.8691	9887
2.86915	9903
2.8692	9898
2.86925	9868
2.8693	9902
2.86935	9868
2.8694	9856
2.86945	9850
2.8695	9929
2.86955	9862
2.8696	9878
2.86965	9858
2.8697	9832
2.86975	9796
2.8698	9867
2.86985	9853
2.8699	9811
2.86995	9841
2.87	9846
2.87005	9812
2.8701	9853
2.87015	9840
2.8702	9845
2.87025	9866
2.8703	9846
2.87035	9889
2.8704	9933
2.87045	9894
2.8705	9951
2.87055	9931
2.8706	9975
2.87065	9937
2.8707	9961
2.87075	9963
2.8708	9994
2.87085	9939
2.8709000000000002	9943
2.87095	9955
2.871	9980
2.87105	9934
2.8711	9969
2.87115	10041
2.8712	9952
2.87125	9951
2.8713	9995
2.87135	10014
2.8714	10035
2.87145	10022
2.8715	9990
2.87155	10031
2.8716	10008
2.87165	9994
2.8717	10002
2.87175	10020
2.8718	10018
2.8718500000000002	10075
2.8719	10061
2.87195	10028
2.872	10013
2.87205	10004
2.8721	10000
2.87215	9925
2.8722	9998
2.87225	10063
2.8723	10004
2.87235	9966
2.8724	10039
2.87245	9985
2.8625	10053
2.8625499999999997	9978
2.8626	9974
2.86265	10010
2.8627	10069
2.8627499999999997	9989
2.8628	10001
2.86285	10025
2.8629	9997
2.8629499999999997	9930
2.863	9991
2.86305	9981
2.8630999999999998	10020
2.8631499999999996	9968
2.8632	9976
2.86325	10020
2.8632999999999997	10033
2.86335	9986
2.8634	9971
2.86345	10002
2.8634999999999997	10034
2.86355	10043
2.8636	10028
2.86365	10014
2.8636999999999997	9966
2.86375	10025
2.8638	10007
2.86385	10022
2.8638999999999997	10018
2.86395	10011
2.864	9943
2.8640499999999998	10026
2.8640999999999996	10035
2.86415	9987
2.8642	9980
2.8642499999999997	10019
2.8643	9967
2.86435	10003
2.8644	9989
2.8644499999999997	9951
2.8645	9984
2.86455	10005
2.8646	9924
2.8646499999999997	10016
2.8647	9987
2.86475	9952
2.8648	9931
2.8648499999999997	9988
2.8649	9972
2.86495	9963
2.8649999999999998	9959
2.86505	9967
2.8651	9904
2.86515	9894
2.8651999999999997	9913
2.86525	9896
2.8653	9844
2.86535	9862
2.8653999999999997	9901
2.86545	9853
2.8655	9874
2.86555	9855
2.8655999999999997	9845
2.86565	9892
2.8657	9861
2.86575	9851
2.8657999999999997	9823
2.86585	9883
2.8659	9839
2.8659499999999998	9856
2.866	9894
2.86605	9843
2.8661	9915
2.8661499999999998	9840
2.8662	9906
2.86625	9955
2.8663	9941
2.8663499999999997	9921
2.8664	9940
2.86645	9907
2.8665	9932
2.8665499999999997	9975
2.8666	9953
2.86665	9948
2.8667	9931
2.86675	9948
2.8668	9921
2.86685	9928
2.8669	9932
2.86695	9943
2.867	9899
2.86705	9902
2.8670999999999998	9868
2.86715	9878
2.8672	9903
2.86725	9927
2.8672999999999997	9874
2.86735	9873
2.8674	9861
2.86745	9849
2.8674999999999997	9885
2.86755	9796
2.8676	9849
2.86765	9882
2.8677	9834
2.86775	9863
2.8678	9852
2.86785	9877
2.8679	9874
2.86795	9867
2.868	9829
2.8680499999999998	9841
2.8681	9919
2.86815	9836
2.8682	9861
2.8682499999999997	9921
2.8683	9891
2.86835	9876
2.8684	9915
2.86845	9909
2.8685	9889
2.86855	9925
2.8686	9933
2.86865	9899
2.8687	9922
2.86875	9939
2.8688	9948
2.86885	9918
2.8689	9903
2.86895	9917
2.8689999999999998	9916
2.86905	9928
2.8691	9891
2.86915	9917
2.8692	9952
2.86925	9921
2.8693	9918
2.86935	9878
2.8694	9870
2.86945	9867
2.8695	9851
2.86955	9844
2.8696	9784
2.86965	9856
2.8697	9818
2.86975	9868
2.8698	9798
2.86985	9880
2.8699	9788
2.86995	9814
2.87	9812
2.87005	9887
2.8701	9797
2.87015	9870
2.8702	9841
2.87025	9966
2.8703	9903
2.87035	9925
2.8704	9899
2.87045	9930
2.8705	9922
2.87055	9917
2.8706	9920
2.87065	9897
2.8707	9951
2.87075	9943
2.8708	9944
2.87085	9991
2.8709000000000002	10005
2.87095	10042
2.871	9953
2.87105	9966
2.8711	10017
2.87115	9980
2.8712	10026
2.87125	10062
2.8713	9994
2.87135	10009
2.8714	9957
2.87145	9993
2.8715	9997
2.87155	10009
2.8716	10027
2.87165	10022
2.8717	10067
2.87175	9980
2.8718	9971
2.8718500000000002	10089
2.8719	9958
2.87195	10028
2.872	9992
2.87205	10015
2.8721	10030
2.87215	10004
2.8722	10043
2.87225	10053
2.8723	9989
2.87235	10080
2.8724	9976
2.87245	10034
2.8625	9955
2.8625499999999997	9966
2.8626	9971
2.86265	10003
2.8627	9972
2.8627499999999997	9950
2.8628	9990
2.86285	10007
2.8629	9960
2.8629499999999997	9970
2.863	9953
2.86305	10026
2.8630999999999998	9990
2.8631499999999996	9953
2.8632	9966
2.86325	10019
2.8632999999999997	10019
2.86335	10018
2.8634	10022
2.86345	10009
2.8634999999999997	9991
2.86355	10005
2.8636	9952
2.86365	9988
2.8636999999999997	9953
2.86375	9994
2.8638	9990
2.86385	9938
2.8638999999999997	10009
2.86395	9978
2.864	9989
2.8640499999999998	9976
2.8640999999999996	10068
2.86415	9992
2.8642	10015
2.8642499999999997	10013
2.8643	9952
2.86435	9997
2.8644	10062
2.8644499999999997	9975
2.8645	10005
2.86455	10016
2.8646	9928
2.8646499999999997	9982
2.8647	9980
2.86475	9954
2.8648	9922
2.8648499999999997	9875
2.8649	9943
2.86495	9906
2.8649999999999998	9946
2.86505	9921
2.8651	9937
2.86515	9843
2.8651999999999997	9869
2.86525	9869
2.8653	9900
2.86535	9826
2.8653999999999997	9853
2.86545	9886
2.8655	9857
2.86555	9861
2.8655999999999997	9859
2.86565	9853
2.8657	9804
2.86575	9848
2.8657999999999997	9843
2.86585	9844
2.8659	9842
2.8659499999999998	9863
2.866	9892
2.86605	9946
2.8661	9860
2.8661499999999998	9912
2.8662	9957
2.86625	9959
2.8663	9870
2.8663499999999997	9895
2.8664	9881
2.86645	9907
2.8665	9887
2.8665499999999997	9930
2.8666	9932
2.86665	9873
2.8667	9913
2.86675	9949
2.8668	9934
2.86685	9931
2.8669	9940
2.86695	9889
2.867	9932
2.86705	9897
2.8670999999999998	9921
2.86715	9869
2.8672	9941
2.86725	9946
2.8672999999999997	9901
2.86735	9866
2.8674	9892
2.86745	9936
2.8674999999999997	9817
2.86755	9795
2.8676	9812
2.86765	9837
2.8677	9832
2.86775	9857
2.8678	9832
2.86785	9898
2.8679	9845
2.86795	9824
2.868	9845
2.8680499999999998	9838
2.8681	9866
2.86815	9959
2.8682	9921
2.8682499999999997	9855
2.8683	9883
2.86835	9963
2.8684	9916
2.86845	9937
2.8685	9943
2.86855	9916
2.8686	9920
2.86865	9846
2.8687	10014
2.86875	9927
2.8688	9944
2.86885	9936
2.8689	9974
2.86895	9914
2.8689999999999998	9941
2.86905	9934
2.8691	9941
2.86915	9949
2.8692	9892
2.86925	9918
2.8693	9898
2.86935	9899
2.8694	9853
2.86945	9863
2.8695	9878
2.86955	9847
2.8696	9856
2.86965	9862
2.8697	9871
2.86975	9831
2.8698	9868
2.86985	9836
2.8699	9878
2.86995	9917
2.87	9849
2.87005	9830
2.8701	9859
2.87015	9931
2.8702	9834
2.87025	9864
2.8703	9890
2.87035	9945
2.8704	9931
2.87045	9878
2.8705	9885
2.87055	9926
2.8706	9961
2.87065	9937
2.8707	9956
2.87075	9957
2.8708	9956
2.87085	9979
2.8709000000000002	9968
2.87095	9937
2.871	9950
2.87105	9934
2.8711	10023
2.87115	9986
2.8712	10029
2.87125	10008
2.8713	10023
2.87135	9957
2.8714	9987
2.87145	10026
2.8715	9995
2.87155	9972
2.8716	10009
2.87165	10033
2.8717	10044
2.87175	9983
2.8718	10016
2.8718500000000002	10010
2.8719	10073
2.87195	10017
2.872	9991
2.87205	10033
2.8721	10056
2.87215	10053
2.8722	10010
2.87225	9963
2.8723	10085
2.87235	10020
2.8724	9933
2.87245	9992
2.8625	10039
2.8625499999999997	10029
2.8626	10023
2.86265	9988
2.8627	10037
2.8627499999999997	9999
2.8628	9991
2.86285	10022
2.8629	10021
2.8629499999999997	10040
2.863	9985
2.86305	10043
2.8630999999999998	9992
2.8631499999999996	9986
2.8632	9976
2.86325	10041
2.8632999999999997	10017
2.86335	10055
2.8634	10017
2.86345	10057
2.8634999999999997	10043
2.86355	9998
2.8636	10066
2.86365	10041
2.8636999999999997	10029
2.86375	10041
2.8638	10051
2.86385	10015
2.8638999999999997	10006
2.86395	10070
2.864	10057
2.8640499999999998	10000
2.8640999999999996	10066
2.86415	10092
2.8642	10035
2.8642499999999997	9990
2.8643	10006
2.86435	10040
2.8644	9971
2.8644499999999997	10019
2.8645	10033
2.86455	10001
2.8646	10022
2.8646499999999997	9994
2.8647	10017
2.86475	10017
2.8648	10008
2.8648499999999997	9947
2.8649	9979
2.86495	9947
2.8649999999999998	9907
2.86505	9944
2.8651	9934
2.86515	9994
2.8651999999999997	9881
2.86525	9869
2.8653	9883
2.86535	9854
2.8653999999999997	9872
2.86545	9912
2.8655	9862
2.86555	9940
2.8655999999999997	9836
2.86565	9835
2.8657	9900
2.86575	9909
2.8657999999999997	9848
2.86585	9886
2.8659	9905
2.8659499999999998	9852
2.866	9903
2.86605	9899
2.8661	9924
2.8661499999999998	9927
2.8662	9924
2.86625	9918
2.8663	9953
2.8663499999999997	9953
2.8664	9951
2.86645	9905
2.8665	9933
2.8665499999999997	9948
2.8666	9961
2.86665	10008
2.8667	9889
2.86675	9969
2.8668	10023
2.86685	10015
2.8669	9920
2.86695	9955
2.867	9919
2.86705	9940
2.8670999999999998	9887
2.86715	9958
2.8672	9933
2.86725	9865
2.8672999999999997	9878
2.86735	9884
2.8674	9884
2.86745	9893
2.8674999999999997	9883
2.86755	9832
2.8676	9889
2.86765	9817
2.8677	9808
2.86775	9830
2.8678	9853
2.86785	9812
2.8679	9826
2.86795	9906
2.868	9851
2.8680499999999998	9837
2.8681	9926
2.86815	9850
2.8682	9950
2.8682499999999997	9860
2.8683	9877
2.86835	9875
2.8684	9901
2.86845	9931
2.8685	9953
2.86855	9908
2.8686	9956
2.86865	9946
2.8687	9940
2.86875	9935
2.8688	9964
2.86885	9892
2.8689	10004
2.86895	9951
2.8689999999999998	9969
2.86905	9916
2.8691	9941
2.86915	9947
2.8692	9864
2.86925	9920
2.8693	9926
2.86935	9899
2.8694	9876
2.86945	9863
2.8695	9919
2.86955	9863
2.8696	9882
2.86965	9847
2.8697	9858
2.86975	9862
2.8698	9858
2.86985	9809
2.8699	9854
2.86995	9897
2.87	9840
2.87005	9893
2.8701	9901
2.87015	9874
2.8702	9934
2.87025	9920
2.8703	9899
2.87035	9924
2.8704	9916
2.87045	9931
2.8705	9920
2.87055	9954
2.8706	9965
2.87065	9939
2.8707	9948
2.87075	9944
2.8708	9960
2.87085	9940
2.8709000000000002	9942
2.87095	9958
2.871	9969
2.87105	9941
2.8711	10029
2.87115	9941
2.8712	9979
2.87125	9961
2.8713	9980
2.87135	10038
2.8714	10010
2.87145	9968
2.8715	10004
2.87155	10040
2.8716	10020
2.87165	10031
2.8717	10031
2.87175	10010
2.8718	10081
2.8718500000000002	10077
2.8719	9986
2.87195	10044
2.872	10065
2.87205	10013
2.8721	10063
2.87215	10048
2.8722	10041
2.87225	9975
2.8723	10075
2.87235	9930
2.8724	10026
2.87245	10012
2.8625	10001
2.8625499999999997	9976
2.8626	10000
2.86265	10029
2.8627	10039
2.8627499999999997	9992
2.8628	10060
2.86285	9987
2.8629	9986
2.8629499999999997	10033
2.863	9946
2.86305	9943
2.8630999999999998	10010
2.8631499999999996	10016
2.8632	9984
2.86325	10011
2.8632999999999997	10032
2.86335	9995
2.8634	10018
2.86345	10020
2.8634999999999997	10063
2.86355	10043
2.8636	10025
2.86365	9967
2.8636999999999997	10010
2.86375	10002
2.8638	10013
2.86385	10025
2.8638999999999997	10002
2.86395	9980
2.864	10049
2.8640499999999998	9994
2.8640999999999996	10016
2.86415	9997
2.8642	9946
2.8642499999999997	9994
2.8643	10027
2.86435	9946
2.8644	10004
2.8644499999999997	10003
2.8645	10045
2.86455	9947
2.8646	10001
2.8646499999999997	9998
2.8647	9969
2.86475	9999
2.8648	9965
2.8648499999999997	9929
2.8649	9919
2.86495	9912
2.8649999999999998	9895
2.86505	9990
2.8651	9995
2.86515	9953
2.8651999999999997	9834
2.86525	9871
2.8653	9801
2.86535	9864
2.8653999999999997	9893
2.86545	9846
2.8655	9867
2.86555	9797
2.8655999999999997	9860
2.86565	9882
2.8657	9841
2.86575	9888
2.8657999999999997	9856
2.86585	9893
2.8659	9944
2.8659499999999998	9929
2.866	9902
2.86605	9862
2.8661	9837
2.8661499999999998	9919
2.8662	9895
2.86625	9914
2.8663	9885
2.8663499999999997	9930
2.8664	10005
2.86645	9929
2.8665	9911
2.8665499999999997	9962
2.8666	9963
2.86665	9916
2.8667	9937
2.86675	9909
2.8668	9926
2.86685	9970
2.8669	9900
2.86695	9903
2.867	9963
2.86705	9929
2.8670999999999998	9921
2.86715	9939
2.8672	9936
2.86725	9883
2.8672999999999997	9892
2.86735	9897
2.8674	9908
2.86745	9865
2.8674999999999997	9854
2.86755	9882
2.8676	9833
2.86765	9831
2.8677	9885
2.86775	9844
2.8678	9870
2.86785	9882
2.8679	9855
2.86795	9825
2.868	9827
2.8680499999999998	9926
2.8681	9818
2.86815	9917
2.8682	9882
2.8682499999999997	9907
2.8683	9893
2.86835	9914
2.8684	9956
2.86845	9932
2.8685	9942
2.86855	9978
2.8686	9914
2.86865	9966
2.8687	10000
2.86875	10003
2.8688	9929
2.86885	9887
2.8689	9939
2.86895	9887
2.8689999999999998	9877
2.86905	9916
2.8691	9911
2.86915	9935
2.8692	9899
2.86925	9892
2.8693	9888
2.86935	9858
2.8694	9861
2.86945	9895
2.8695	9863
2.86955	9879
2.8696	9907
2.86965	9878
2.8697	9897
2.86975	9874
2.8698	9864
2.86985	9842
2.8699	9858
2.86995	9898
2.87	9863
2.87005	9860
2.8701	9852
2.87015	9862
2.8702	9912
2.87025	9907
2.8703	9927
2.87035	9893
2.8704	9931
2.87045	9955
2.8705	9928
2.87055	9949
2.8706	9973
2.87065	9923
2.8707	9933
2.87075	9954
2.8708	9991
2.87085	9972
2.8709000000000002	10004
2.87095	9986
2.871	10035
2.87105	9998
2.8711	9975
2.87115	10068
2.8712	10055
2.87125	10013
2.8713	10031
2.87135	9987
2.8714	9981
2.87145	10071
2.8715	10010
2.87155	9994
2.8716	10037
2.87165	10005
2.8717	10032
2.87175	10055
2.8718	10027
2.8718500000000002	10075
2.8719	10003
2.87195	10084
2.872	10064
2.87205	10056
2.8721	10031
2.87215	10052
2.8722	10044
2.87225	10056
2.8723	10015
2.87235	10023
2.8724	10003
2.87245	10021
2.8625	10052
2.8625499999999997	9967
2.8626	9988
2.86265	10035
2.8627	10022
2.8627499999999997	10113
2.8628	10030
2.86285	10010
2.8629	10001
2.8629499999999997	10029
2.863	9977
2.86305	10007
2.8630999999999998	10001
2.8631499999999996	9997
2.8632	10035
2.86325	9982
2.8632999999999997	9995
2.86335	9981
2.8634	10028
2.86345	10058
2.8634999999999997	10028
2.86355	9962
2.8636	10082
2.86365	10001
2.8636999999999997	9962
2.86375	10042
2.8638	9946
2.86385	10003
2.8638999999999997	10014
2.86395	9959
2.864	10002
2.8640499999999998	9984
2.8640999999999996	9952
2.86415	10008
2.8642	10050
2.8642499999999997	10034
2.8643	10002
2.86435	9981
2.8644	9977
2.8644499999999997	10021
2.8645	10048
2.86455	10050
2.8646	9968
2.8646499999999997	9995
2.8647	9960
2.86475	9976
2.8648	9984
2.8648499999999997	9994
2.8649	9930
2.86495	9994
2.8649999999999998	9885
2.86505	9882
2.8651	9902
2.86515	9869
2.8651999999999997	9916
2.86525	9883
2.8653	9924
2.86535	9873
2.8653999999999997	9851
2.86545	9871
2.8655	9813
2.86555	9850
2.8655999999999997	9875
2.86565	9840
2.8657	9853
2.86575	9855
2.8657999999999997	9845
2.86585	9887
2.8659	9853
2.8659499999999998	9857
2.866	9891
2.86605	9911
2.8661	9953
2.8661499999999998	9907
2.8662	9929
2.86625	9943
2.8663	9911
2.8663499999999997	9910
2.8664	9956
2.86645	9937
2.8665	9937
2.8665499999999997	9892
2.8666	9961
2.86665	9918
2.8667	9930
2.86675	9943
2.8668	9928
2.86685	9919
2.8669	9927
2.86695	9952
2.867	9858
2.86705	9913
2.8670999999999998	9874
2.86715	9922
2.8672	9928
2.86725	9880
2.8672999999999997	9958
2.86735	9866
2.8674	9859
2.86745	9867
2.8674999999999997	9881
2.86755	9895
2.8676	9822
2.86765	9794
2.8677	9838
2.86775	9796
2.8678	9866
2.86785	9849
2.8679	9807
2.86795	9852
2.868	9864
2.8680499999999998	9878
2.8681	9928
2.86815	9865
2.8682	9873
2.8682499999999997	9933
2.8683	9879
2.86835	9901
2.8684	9884
2.86845	9923
2.8685	9912
2.86855	9957
2.8686	9952
2.86865	9961
2.8687	9841
2.86875	9999
2.8688	9879
2.86885	9986
2.8689	9930
2.86895	9912
2.8689999999999998	9888
2.86905	9905
2.8691	9930
2.86915	9905
2.8692	9899
2.86925	9914
2.8693	9904
2.86935	9864
2.8694	9917
2.86945	9878
2.8695	9847
2.86955	9856
2.8696	9894
2.86965	9922
2.8697	9863
2.86975	9889
2.8698	9829
2.86985	9858
2.8699	9827
2.86995	9870
2.87	9910
2.87005	9895
2.8701	9873
2.87015	9857
2.8702	9887
2.87025	9915
2.8703	9872
2.87035	9896
2.8704	9963
2.87045	9925
2.8705	9899
2.87055	9942
2.8706	9964
2.87065	9898
2.8707	9952
2.87075	9971
2.8708	9999
2.87085	9959
2.8709000000000002	9994
2.87095	9969
2.871	10036
2.87105	9997
2.8711	9998
2.87115	10016
2.8712	9976
2.87125	10019
2.8713	9993
2.87135	10021
2.8714	9969
2.87145	9983
2.8715	9988
2.87155	10011
2.8716	9989
2.87165	9955
2.8717	10003
2.87175	9975
2.8718	10020
2.8718500000000002	9989
2.8719	10038
2.87195	10027
2.872	10009
2.87205	10009
2.8721	9998
2.87215	10014
2.8722	10040
2.87225	10049
2.8723	10018
2.87235	10055
2.8724	10026
2.87245	10006
2.8625	10012
2.8625499999999997	9994
2.8626	9996
2.86265	10013
2.8627	10008
2.8627499999999997	10056
2.8628	10009
2.86285	10025
2.8629	10044
2.8629499999999997	10029
2.863	10002
2.86305	10080
2.8630999999999998	9989
2.8631499999999996	10049
2.8632	9986
2.86325	10004
2.8632999999999997	9967
2.86335	9995
2.8634	10064
2.86345	9994
2.8634999999999997	9962
2.86355	10030
2.8636	10008
2.86365	10027
2.8636999999999997	9999
2.86375	10015
2.8638	10019
2.86385	10047
2.8638999999999997	9992
2.86395	10018
2.864	10016
2.8640499999999998	9981
2.8640999999999996	9974
2.86415	9956
2.8642	9992
2.8642499999999997	9983
2.8643	10056
2.86435	9973
2.8644	10009
2.8644499999999997	9950
2.8645	9965
2.86455	9950
2.8646	9941
2.8646499999999997	10003
2.8647	9964
2.86475	9965
2.8648	9984
2.8648499999999997	9914
2.8649	9915
2.86495	10014
2.8649999999999998	9878
2.86505	9921
2.8651	9920
2.86515	9896
2.8651999999999997	9845
2.86525	9979
2.8653	9844
2.86535	9966
2.8653999999999997	9890
2.86545	9891
2.8655	9818
2.86555	9873
2.8655999999999997	9838
2.86565	9853
2.8657	9870
2.86575	9838
2.8657999999999997	9853
2.86585	9847
2.8659	9877
2.8659499999999998	9862
2.866	9838
2.86605	9939
2.8661	9885
2.8661499999999998	9867
2.8662	9944
2.86625	9936
2.8663	9946
2.8663499999999997	9985
2.8664	9986
2.86645	9945
2.8665	9929
2.8665499999999997	9932
2.8666	9962
2.86665	9960
2.8667	9932
2.86675	10006
2.8668	9977
2.86685	9947
2.8669	9881
2.86695	9910
2.867	9896
2.86705	9937
2.8670999999999998	9893
2.86715	9867
2.8672	9875
2.86725	9930
2.8672999999999997	9899
2.86735	9912
2.8674	9903
2.86745	9884
2.8674999999999997	9855
2.86755	9827
2.8676	9859
2.86765	9819
2.8677	9871
2.86775	9875
2.8678	9849
2.86785	9871
2.8679	9816
2.86795	9904
2.868	9837
2.8680499999999998	9876
2.8681	9887
2.86815	9907
2.8682	9891
2.8682499999999997	9880
2.8683	9874
2.86835	9942
2.8684	9986
2.86845	9921
2.8685	9914
2.86855	9916
2.8686	9952
2.86865	9928
2.8687	9921
2.86875	9917
2.8688	9921
2.86885	9913
2.8689	9982
2.86895	9958
2.8689999999999998	9929
2.86905	9912
2.8691	9956
2.86915	9919
2.8692	9894
2.86925	9937
2.8693	9932
2.86935	9821
2.8694	9908
2.86945	9893
2.8695	9883
2.86955	9834
2.8696	9888
2.86965	9853
2.8697	9834
2.86975	9855
2.8698	9889
2.86985	9869
2.8699	9810
2.86995	9835
2.87	9869
2.87005	9821
2.8701	9941
2.87015	9846
2.8702	9882
2.87025	9892
2.8703	9845
2.87035	9921
2.8704	9820
2.87045	9920
2.8705	9921
2.87055	9911
2.8706	9928
2.87065	9879
2.8707	10014
2.87075	9973
2.8708	9948
2.87085	9972
2.8709000000000002	9968
2.87095	9992
2.871	10021
2.87105	10003
2.8711	9965
2.87115	9992
2.8712	10003
2.87125	9945
2.8713	10069
2.87135	9966
2.8714	9968
2.87145	9996
2.8715	9996
2.87155	10022
2.8716	10048
2.87165	10029
2.8717	10043
2.87175	10092
2.8718	10006
2.8718500000000002	10032
2.8719	10025
2.87195	10073
2.872	10069
2.87205	10018
2.8721	10029
2.87215	9956
2.8722	10031
2.87225	10041
2.8723	10012
2.87235	9979
2.8724	9981
2.87245	9981
