2.872	10051
2.8720499999999998	10067
2.8721	10095
2.87215	10078
2.8722	10064
2.8722499999999997	10052
2.8723	10087
2.87235	10045
2.8724	10086
2.8724499999999997	10029
2.8725	9980
2.87255	10072
2.8726	10016
2.8726499999999997	10056
2.8727	10084
2.87275	9974
2.8728	10041
2.87285	10063
2.8729	9996
2.87295	10004
2.8729999999999998	10015
2.87305	9958
2.8731	10005
2.87315	10014
2.8731999999999998	9956
2.87325	10056
2.8733	9924
2.87335	9973
2.8733999999999997	9955
2.87345	9953
2.8735	9888
2.87355	9944
2.8735999999999997	9927
2.87365	9929
2.8737	9931
2.87375	9968
2.8738	9889
2.87385	9888
2.8739	9861
2.87395	9928
2.874	9841
2.87405	9888
2.8741	9830
2.8741499999999998	9871
2.8742	9831
2.87425	9834
2.8743	9841
2.8743499999999997	9827
2.8744	9806
2.87445	9849
2.8745	9769
2.87455	9892
2.8746	9914
2.87465	9859
2.8747	9864
2.87475	9855
2.8748	9890
2.87485	9900
2.8749	9919
2.87495	9890
2.875	9871
2.87505	9872
2.8750999999999998	9897
2.87515	9892
2.8752	9913
2.87525	9871
2.8752999999999997	9885
2.87535	9918
2.8754	9825
2.87545	9867
2.8755	9897
2.87555	9824
2.8756	9825
2.87565	9810
2.8757	9901
2.87575	9851
2.8758	9935
2.87585	9886
2.8759	9842
2.87595	9756
2.876	9821
2.8760499999999998	9833
2.8761	9839
2.87615	9817
2.8762	9796
2.87625	9728
2.8763	9804
2.87635	9777
2.8764	9779
2.87645	9836
2.8765	9784
2.87655	9781
2.8766	9825
2.87665	9840
2.8767	9868
2.87675	9821
2.8768	9856
2.87685	9872
2.8769	9854
2.87695	9900
2.877	9946
2.87705	9855
2.8771	9845
2.87715	9864
2.8772	9897
2.87725	9872
2.8773	9876
2.87735	9845
2.8774	9836
2.87745	9852
2.8775	9853
2.87755	9840
2.8776	9893
2.87765	9862
2.8777	9845
2.87775	9811
2.8778	9818
2.87785	9835
2.8779	9836
2.8779500000000002	9811
2.878	9817
2.87805	9884
2.8781	9809
2.87815	9829
2.8782	9841
2.87825	9825
2.8783	9763
2.87835	9753
2.8784	9777
2.87845	9803
2.8785	9787
2.87855	9819
2.8786	9866
2.87865	9792
2.8787000000000003	9835
2.87875	9800
2.8788	9851
2.87885	9809
2.8789000000000002	9847
2.87895	9824
2.879	9865
2.87905	9890
2.8791	9910
2.87915	9892
2.8792	9904
2.87925	9907
2.8793	9937
2.87935	9885
2.8794	9861
2.87945	9880
2.8795	9938
2.87955	9956
2.8796	9901
2.8796500000000003	9966
2.8797	9976
2.87975	9904
2.8798	9931
2.8798500000000002	9941
2.8799	9922
2.87995	9984
2.88	9960
2.88005	9925
2.8801	9956
2.88015	9970
2.8802	9986
2.88025	9972
2.8803	9977
2.88035	9920
2.8804000000000003	9957
2.88045	9939
2.8805	9999
2.88055	9999
2.8806000000000003	9962
2.88065	10032
2.8807	9997
2.88075	10016
2.8808000000000002	9974
2.88085	9946
2.8809	9973
2.88095	9975
2.8810000000000002	9986
2.88105	9997
2.8811	10012
2.88115	9985
2.8812	9942
2.88125	10035
2.8813	9972
2.8813500000000003	9951
2.8814	9928
2.88145	9974
2.8815	9920
2.8815500000000003	9955
2.8816	9936
2.88165	9975
2.8817	9973
2.8817500000000003	9950
2.8818	9954
2.88185	10005
2.8819	9947
2.8819500000000002	10013
2.872	10025
2.8720499999999998	10018
2.8721	10039
2.87215	10040
2.8722	10017
2.8722499999999997	10013
2.8723	10013
2.87235	10020
2.8724	9995
2.8724499999999997	10013
2.8725	10007
2.87255	10004
2.8726	10043
2.8726499999999997	9980
2.8727	10039
2.87275	9996
2.8728	9947
2.87285	9961
2.8729	9920
2.87295	9968
2.8729999999999998	9977
2.87305	9962
2.8731	9932
2.87315	9981
2.8731999999999998	9910
2.87325	9929
2.8733	9912
2.87335	9942
2.8733999999999997	9980
2.87345	9901
2.8735	9926
2.87355	9958
2.8735999999999997	9925
2.87365	9918
2.8737	9883
2.87375	9864
2.8738	9893
2.87385	9862
2.8739	9823
2.87395	9857
2.874	9824
2.87405	9801
2.8741	9836
2.8741499999999998	9839
2.8742	9760
2.87425	9806
2.8743	9829
2.8743499999999997	9783
2.8744	9895
2.87445	9841
2.8745	9863
2.87455	9778
2.8746	9860
2.87465	9833
2.8747	9903
2.87475	9886
2.8748	9885
2.87485	9864
2.8749	9887
2.87495	9894
2.875	9884
2.87505	9896
2.8750999999999998	9891
2.87515	9948
2.8752	9906
2.87525	9894
2.8752999999999997	9922
2.87535	9895
2.8754	9855
2.87545	9830
2.8755	9887
2.87555	9883
2.8756	9896
2.87565	9835
2.8757	9902
2.87575	9853
2.8758	9758
2.87585	9864
2.8759	9819
2.87595	9814
2.876	9838
2.8760499999999998	9824
2.8761	9770
2.87615	9851
2.8762	9896
2.87625	9834
2.8763	9818
2.87635	9840
2.8764	9808
2.87645	9819
2.8765	9839
2.87655	9850
2.8766	9773
2.87665	9843
2.8767	9851
2.87675	9794
2.8768	9876
2.87685	9840
2.8769	9854
2.87695	9805
2.877	9904
2.87705	9933
2.8771	9851
2.87715	9907
2.8772	9833
2.87725	9858
2.8773	9847
2.87735	9835
2.8774	9926
2.87745	9905
2.8775	9928
2.87755	9902
2.8776	9859
2.87765	9829
2.8777	9880
2.87775	9894
2.8778	9836
2.87785	9870
2.8779	9902
2.8779500000000002	9842
2.878	9836
2.87805	9833
2.8781	9868
2.87815	9849
2.8782	9900
2.87825	9795
2.8783	9852
2.87835	9804
2.8784	9786
2.87845	9825
2.8785	9819
2.87855	9775
2.8786	9832
2.87865	9849
2.8787000000000003	9830
2.87875	9844
2.8788	9826
2.87885	9894
2.8789000000000002	9868
2.87895	9838
2.879	9889
2.87905	9883
2.8791	9907
2.87915	9903
2.8792	9884
2.87925	9896
2.8793	9971
2.87935	9881
2.8794	9928
2.87945	9881
2.8795	9944
2.87955	9933
2.8796	9916
2.8796500000000003	9896
2.8797	9938
2.87975	9954
2.8798	9979
2.8798500000000002	9995
2.8799	9989
2.87995	9983
2.88	9946
2.88005	9944
2.8801	9924
2.88015	10024
2.8802	9926
2.88025	9945
2.8803	10024
2.88035	10041
2.8804000000000003	10014
2.88045	9982
2.8805	9998
2.88055	9959
2.8806000000000003	9932
2.88065	9948
2.8807	9970
2.88075	10000
2.8808000000000002	9899
2.88085	9968
2.8809	10010
2.88095	10015
2.8810000000000002	9925
2.88105	9977
2.8811	9983
2.88115	9948
2.8812	9954
2.88125	9963
2.8813	9963
2.8813500000000003	9929
2.8814	9931
2.88145	9975
2.8815	9946
2.8815500000000003	9967
2.8816	9926
2.88165	9976
2.8817	9982
2.8817500000000003	9884
2.8818	9931
2.88185	9907
2.8819	9974
2.8819500000000002	9932
2.872	10046
2.8720499999999998	9997
2.8721	9983
2.87215	10018
2.8722	10049
2.8722499999999997	9974
2.8723	10049
2.87235	9977
2.8724	9937
2.8724499999999997	9977
2.8725	9957
2.87255	9934
2.8726	9955
2.8726499999999997	9935
2.8727	9931
2.87275	10011
2.8728	9955
2.87285	9944
2.8729	9910
2.87295	9938
2.8729999999999998	9930
2.87305	9904
2.8731	9861
2.87315	9926
2.8731999999999998	9899
2.87325	9888
2.8733	9882
2.87335	9893
2.8733999999999997	9893
2.87345	9871
2.8735	9875
2.87355	9943
2.8735999999999997	9853
2.87365	9840
2.8737	9819
2.87375	9856
2.8738	9824
2.87385	9876
2.8739	9866
2.87395	9778
2.874	9763
2.87405	9815
2.8741	9843
2.8741499999999998	9822
2.8742	9790
2.87425	9807
2.8743	9845
2.8743499999999997	9823
2.8744	9771
2.87445	9830
2.8745	9809
2.87455	9836
2.8746	9793
2.87465	9878
2.8747	9801
2.87475	9841
2.8748	9836
2.87485	9842
2.8749	9791
2.87495	9821
2.875	9867
2.87505	9887
2.8750999999999998	9871
2.87515	9846
2.8752	9886
2.87525	9866
2.8752999999999997	9889
2.87535	9861
2.8754	9915
2.87545	9828
2.8755	9818
2.87555	9867
2.8756	9856
2.87565	9841
2.8757	9844
2.87575	9855
2.8758	9855
2.87585	9814
2.8759	9848
2.87595	9835
2.876	9842
2.8760499999999998	9811
2.8761	9821
2.87615	9774
2.8762	9802
2.87625	9801
2.8763	9826
2.87635	9796
2.8764	9814
2.87645	9782
2.8765	9881
2.87655	9825
2.8766	9831
2.87665	9767
2.8767	9852
2.87675	9785
2.8768	9872
2.87685	9846
2.8769	9858
2.87695	9887
2.877	9875
2.87705	9801
2.8771	9869
2.87715	9937
2.8772	9893
2.87725	9851
2.8773	9878
2.87735	9904
2.8774	9858
2.87745	9873
2.8775	9947
2.87755	9912
2.8776	9851
2.87765	9875
2.8777	9820
2.87775	9894
2.8778	9844
2.87785	9861
2.8779	9849
2.8779500000000002	9882
2.878	9825
2.87805	9868
2.8781	9807
2.87815	9821
2.8782	9790
2.87825	9741
2.8783	9789
2.87835	9758
2.8784	9788
2.87845	9830
2.8785	9815
2.87855	9850
2.8786	9820
2.87865	9847
2.8787000000000003	9806
2.87875	9828
2.8788	9887
2.87885	9878
2.8789000000000002	9853
2.87895	9878
2.879	9884
2.87905	9894
2.8791	9847
2.87915	9902
2.8792	9841
2.87925	9930
2.8793	9925
2.87935	9956
2.8794	9863
2.87945	9938
2.8795	9944
2.87955	9954
2.8796	9941
2.8796500000000003	9928
2.8797	9910
2.87975	9968
2.8798	9930
2.8798500000000002	9916
2.8799	9941
2.87995	9965
2.88	9964
2.88005	9940
2.8801	10013
2.88015	9998
2.8802	10049
2.88025	10003
2.8803	9953
2.88035	9965
2.8804000000000003	9971
2.88045	9933
2.8805	9961
2.88055	9967
2.8806000000000003	10009
2.88065	9940
2.8807	10007
2.88075	9993
2.8808000000000002	9957
2.88085	9974
2.8809	9968
2.88095	9990
2.8810000000000002	9980
2.88105	9977
2.8811	9972
2.88115	9962
2.8812	9930
2.88125	9970
2.8813	9929
2.8813500000000003	9943
2.8814	9966
2.88145	9929
2.8815	9983
2.8815500000000003	9919
2.8816	9951
2.88165	9933
2.8817	9977
2.8817500000000003	10006
2.8818	9943
2.88185	9960
2.8819	9969
2.8819500000000002	9986
2.872	9980
2.8720499999999998	9993
2.8721	9981
2.87215	9998
2.8722	10017
2.8722499999999997	9996
2.8723	10042
2.87235	9956
2.8724	9959
2.8724499999999997	10001
2.8725	10028
2.87255	9947
2.8726	9917
2.8726499999999997	9960
2.8727	9940
2.87275	9952
2.8728	10001
2.87285	9989
2.8729	9947
2.87295	9916
2.8729999999999998	10007
2.87305	9931
2.8731	9944
2.87315	9885
2.8731999999999998	9873
2.87325	9959
2.8733	9947
2.87335	9986
2.8733999999999997	9898
2.87345	9940
2.8735	9910
2.87355	9945
2.8735999999999997	9878
2.87365	9897
2.8737	9845
2.87375	9853
2.8738	9879
2.87385	9853
2.8739	9826
2.87395	9854
2.874	9799
2.87405	9825
2.8741	9861
2.8741499999999998	9807
2.8742	9815
2.87425	9838
2.8743	9838
2.8743499999999997	9810
2.8744	9824
2.87445	9823
2.8745	9808
2.87455	9845
2.8746	9826
2.87465	9869
2.8747	9841
2.87475	9860
2.8748	9883
2.87485	9843
2.8749	9825
2.87495	9886
2.875	9896
2.87505	9903
2.8750999999999998	9901
2.87515	9957
2.8752	9880
2.87525	9870
2.8752999999999997	9832
2.87535	9880
2.8754	9877
2.87545	9822
2.8755	9876
2.87555	9873
2.8756	9832
2.87565	9859
2.8757	9846
2.87575	9861
2.8758	9843
2.87585	9789
2.8759	9883
2.87595	9844
2.876	9768
2.8760499999999998	9808
2.8761	9815
2.87615	9795
2.8762	9805
2.87625	9754
2.8763	9778
2.87635	9742
2.8764	9822
2.87645	9777
2.8765	9812
2.87655	9804
2.8766	9818
2.87665	9809
2.8767	9790
2.87675	9794
2.8768	9771
2.87685	9840
2.8769	9898
2.87695	9859
2.877	9862
2.87705	9822
2.8771	9834
2.87715	9888
2.8772	9894
2.87725	9833
2.8773	9848
2.87735	9904
2.8774	9906
2.87745	9813
2.8775	9890
2.87755	9897
2.8776	9863
2.87765	9863
2.8777	9864
2.87775	9870
2.8778	9882
2.87785	9885
2.8779	9853
2.8779500000000002	9767
2.878	9788
2.87805	9818
2.8781	9822
2.87815	9872
2.8782	9831
2.87825	9847
2.8783	9849
2.87835	9803
2.8784	9790
2.87845	9869
2.8785	9824
2.87855	9757
2.8786	9808
2.87865	9829
2.8787000000000003	9791
2.87875	9802
2.8788	9780
2.87885	9861
2.8789000000000002	9882
2.87895	9866
2.879	9885
2.87905	9882
2.8791	9861
2.87915	9902
2.8792	9941
2.87925	9908
2.8793	9885
2.87935	9890
2.8794	9856
2.87945	9865
2.8795	9903
2.87955	9938
2.8796	9904
2.8796500000000003	9919
2.8797	9896
2.87975	9938
2.8798	9925
2.8798500000000002	9935
2.8799	9944
2.87995	9988
2.88	9960
2.88005	9943
2.8801	9950
2.88015	9961
2.8802	9989
2.88025	9951
2.8803	10004
2.88035	9943
2.8804000000000003	9986
2.88045	9957
2.8805	9962
2.88055	9944
2.8806000000000003	9979
2.88065	9943
2.8807	9953
2.88075	9976
2.8808000000000002	9957
2.88085	9919
2.8809	9975
2.88095	9967
2.8810000000000002	9920
2.88105	9984
2.8811	9982
2.88115	9951
2.8812	9949
2.88125	9973
2.8813	9937
2.8813500000000003	10033
2.8814	9969
2.88145	9968
2.8815	9954
2.8815500000000003	10027
2.8816	10032
2.88165	9957
2.8817	10004
2.8817500000000003	9970
2.8818	9939
2.88185	9936
2.8819	10012
2.8819500000000002	9992
2.872	9998
2.8720499999999998	10043
2.8721	10019
2.87215	10020
2.8722	9975
2.8722499999999997	10017
2.8723	10032
2.87235	10083
2.8724	10011
2.8724499999999997	10027
2.8725	9948
2.87255	9983
2.8726	9985
2.8726499999999997	9996
2.8727	9995
2.87275	9983
2.8728	9969
2.87285	10017
2.8729	9932
2.87295	9965
2.8729999999999998	9924
2.87305	9973
2.8731	9978
2.87315	9956
2.8731999999999998	9964
2.87325	9903
2.8733	9965
2.87335	9947
2.8733999999999997	9956
2.87345	9884
2.8735	9924
2.87355	9834
2.8735999999999997	9904
2.87365	9873
2.8737	9866
2.87375	9880
2.8738	9905
2.87385	9873
2.8739	9869
2.87395	9838
2.874	9804
2.87405	9809
2.8741	9840
2.8741499999999998	9855
2.8742	9858
2.87425	9855
2.8743	9867
2.8743499999999997	9913
2.8744	9856
2.87445	9868
2.8745	9834
2.87455	9808
2.8746	9891
2.87465	9910
2.8747	9904
2.87475	9901
2.8748	9821
2.87485	9846
2.8749	9886
2.87495	9907
2.875	9906
2.87505	9933
2.8750999999999998	9861
2.87515	9924
2.8752	9930
2.87525	9893
2.8752999999999997	9863
2.87535	9884
2.8754	9884
2.87545	9907
2.8755	9911
2.87555	9942
2.8756	9880
2.87565	9898
2.8757	9862
2.87575	9916
2.8758	9898
2.87585	9875
2.8759	9904
2.87595	9893
2.876	9813
2.8760499999999998	9846
2.8761	9789
2.87615	9830
2.8762	9825
2.87625	9821
2.8763	9857
2.87635	9818
2.8764	9783
2.87645	9813
2.8765	9864
2.87655	9855
2.8766	9858
2.87665	9870
2.8767	9846
2.87675	9833
2.8768	9853
2.87685	9837
2.8769	9925
2.87695	9863
2.877	9881
2.87705	9850
2.8771	9852
2.87715	9925
2.8772	9892
2.87725	9914
2.8773	9931
2.87735	9905
2.8774	9949
2.87745	9960
2.8775	9887
2.87755	9933
2.8776	9919
2.87765	9879
2.8777	9908
2.87775	9880
2.8778	9878
2.87785	9887
2.8779	9863
2.8779500000000002	9899
2.878	9870
2.87805	9874
2.8781	9836
2.87815	9839
2.8782	9809
2.87825	9878
2.8783	9809
2.87835	9865
2.8784	9854
2.87845	9828
2.8785	9862
2.87855	9787
2.8786	9824
2.87865	9840
2.8787000000000003	9887
2.87875	9856
2.8788	9834
2.87885	9858
2.8789000000000002	9909
2.87895	9874
2.879	9874
2.87905	9915
2.8791	9931
2.87915	9883
2.8792	9868
2.87925	9977
2.8793	9895
2.87935	9933
2.8794	9912
2.87945	9930
2.8795	9889
2.87955	9955
2.8796	9969
2.8796500000000003	9984
2.8797	9939
2.87975	9949
2.8798	9946
2.8798500000000002	9923
2.8799	9967
2.87995	9982
2.88	9993
2.88005	9992
2.8801	9987
2.88015	9931
2.8802	10000
2.88025	9961
2.8803	9959
2.88035	10000
2.8804000000000003	9962
2.88045	9914
2.8805	9998
2.88055	9960
2.8806000000000003	9975
2.88065	9945
2.8807	9991
2.88075	10002
2.8808000000000002	10002
2.88085	10015
2.8809	9944
2.88095	9996
2.8810000000000002	9921
2.88105	9945
2.8811	9997
2.88115	9921
2.8812	9955
2.88125	9925
2.8813	9903
2.8813500000000003	9968
2.8814	9995
2.88145	9950
2.8815	9944
2.8815500000000003	9964
2.8816	9948
2.88165	9956
2.8817	9997
2.8817500000000003	9975
2.8818	9967
2.88185	9895
2.8819	9991
2.8819500000000002	9969
2.872	9996
2.8720499999999998	10008
2.8721	9985
2.87215	10000
2.8722	10001
2.8722499999999997	9979
2.8723	10030
2.87235	9963
2.8724	9938
2.8724499999999997	9986
2.8725	9961
2.87255	10011
2.8726	10004
2.8726499999999997	9981
2.8727	9995
2.87275	9993
2.8728	9986
2.87285	9974
2.8729	9988
2.87295	9980
2.8729999999999998	9966
2.87305	9914
2.8731	9961
2.87315	10008
2.8731999999999998	9969
2.87325	9927
2.8733	9922
2.87335	9901
2.8733999999999997	9915
2.87345	9935
2.8735	9908
2.87355	9921
2.8735999999999997	9926
2.87365	9931
2.8737	9865
2.87375	9923
2.8738	9867
2.87385	9838
2.8739	9831
2.87395	9811
2.874	9852
2.87405	9843
2.8741	9874
2.8741499999999998	9819
2.8742	9781
2.87425	9815
2.8743	9837
2.8743499999999997	9895
2.8744	9793
2.87445	9825
2.8745	9897
2.87455	9880
2.8746	9865
2.87465	9916
2.8747	9892
2.87475	9825
2.8748	9900
2.87485	9893
2.8749	9803
2.87495	9871
2.875	9891
2.87505	9887
2.8750999999999998	9920
2.87515	9884
2.8752	9896
2.87525	9959
2.8752999999999997	9896
2.87535	9866
2.8754	9833
2.87545	9922
2.8755	9879
2.87555	9901
2.8756	9845
2.87565	9866
2.8757	9840
2.87575	9833
2.8758	9835
2.87585	9843
2.8759	9901
2.87595	9815
2.876	9854
2.8760499999999998	9823
2.8761	9820
2.87615	9819
2.8762	9831
2.87625	9821
2.8763	9838
2.87635	9845
2.8764	9850
2.87645	9792
2.8765	9841
2.87655	9845
2.8766	9776
2.87665	9859
2.8767	9880
2.87675	9867
2.8768	9853
2.87685	9859
2.8769	9852
2.87695	9891
2.877	9870
2.87705	9874
2.8771	9854
2.87715	9897
2.8772	9904
2.87725	9931
2.8773	9905
2.87735	9919
2.8774	9895
2.87745	9915
2.8775	9913
2.87755	9919
2.8776	9926
2.87765	9910
2.8777	9859
2.87775	9850
2.8778	9843
2.87785	9856
2.8779	9871
2.8779500000000002	9838
2.878	9818
2.87805	9881
2.8781	9866
2.87815	9862
2.8782	9814
2.87825	9839
2.8783	9845
2.87835	9817
2.8784	9849
2.87845	9818
2.8785	9862
2.87855	9841
2.8786	9794
2.87865	9810
2.8787000000000003	9844
2.87875	9882
2.8788	9837
2.87885	9826
2.8789000000000002	9859
2.87895	9858
2.879	9876
2.87905	9862
2.8791	9849
2.87915	9891
2.8792	9916
2.87925	9936
2.8793	9896
2.87935	9941
2.8794	9872
2.87945	9937
2.8795	9952
2.87955	9979
2.8796	9972
2.8796500000000003	9938
2.8797	9921
2.87975	9931
2.8798	9938
2.8798500000000002	9959
2.8799	10020
2.87995	9960
2.88	9998
2.88005	9930
2.8801	9984
2.88015	9930
2.8802	9986
2.88025	9998
2.8803	9965
2.88035	9955
2.8804000000000003	9984
2.88045	9988
2.8805	9945
2.88055	9941
2.8806000000000003	9938
2.88065	9973
2.8807	9943
2.88075	9973
2.8808000000000002	10036
2.88085	9939
2.8809	10050
2.88095	10033
2.8810000000000002	9967
2.88105	9961
2.8811	9974
2.88115	10023
2.8812	9952
2.88125	9986
2.8813	9976
2.8813500000000003	9886
2.8814	9984
2.88145	9984
2.8815	9939
2.8815500000000003	10013
2.8816	9895
2.88165	9931
2.8817	9945
2.8817500000000003	9973
2.8818	9962
2.88185	9979
2.8819	9932
2.8819500000000002	9960
2.872	9951
2.8720499999999998	10018
2.8721	10028
2.87215	9981
2.8722	10019
2.8722499999999997	10034
2.8723	9988
2.87235	10025
2.8724	10016
2.8724499999999997	10004
2.8725	9965
2.87255	10003
2.8726	9980
2.8726499999999997	10024
2.8727	9982
2.87275	9983
2.8728	9951
2.87285	10010
2.8729	10013
2.87295	9976
2.8729999999999998	9917
2.87305	9989
2.8731	9930
2.87315	9870
2.8731999999999998	9908
2.87325	9964
2.8733	9911
2.87335	9966
2.8733999999999997	9974
2.87345	9920
2.8735	9906
2.87355	9861
2.8735999999999997	9845
2.87365	9900
2.8737	9898
2.87375	9902
2.8738	9932
2.87385	9846
2.8739	9832
2.87395	9837
2.874	9808
2.87405	9796
2.8741	9890
2.8741499999999998	9752
2.8742	9819
2.87425	9826
2.8743	9848
2.8743499999999997	9848
2.8744	9814
2.87445	9778
2.8745	9836
2.87455	9773
2.8746	9871
2.87465	9839
2.8747	9867
2.87475	9901
2.8748	9913
2.87485	9907
2.8749	9893
2.87495	9897
2.875	9861
2.87505	9935
2.8750999999999998	9914
2.87515	9907
2.8752	9877
2.87525	9858
2.8752999999999997	9883
2.87535	9875
2.8754	9872
2.87545	9903
2.8755	9869
2.87555	9846
2.8756	9876
2.87565	9911
2.8757	9896
2.87575	9883
2.8758	9872
2.87585	9844
2.8759	9794
2.87595	9858
2.876	9891
2.8760499999999998	9867
2.8761	9841
2.87615	9854
2.8762	9834
2.87625	9804
2.8763	9805
2.87635	9799
2.8764	9844
2.87645	9868
2.8765	9846
2.87655	9849
2.8766	9799
2.87665	9788
2.8767	9868
2.87675	9909
2.8768	9831
2.87685	9829
2.8769	9856
2.87695	9834
2.877	9894
2.87705	9871
2.8771	9909
2.87715	9899
2.8772	9865
2.87725	9890
2.8773	9882
2.87735	9869
2.8774	9915
2.87745	9930
2.8775	9863
2.87755	9902
2.8776	9892
2.87765	9887
2.8777	9869
2.87775	9889
2.8778	9873
2.87785	9901
2.8779	9841
2.8779500000000002	9875
2.878	9836
2.87805	9833
2.8781	9839
2.87815	9802
2.8782	9820
2.87825	9878
2.8783	9806
2.87835	9823
2.8784	9796
2.87845	9713
2.8785	9833
2.87855	9854
2.8786	9855
2.87865	9865
2.8787000000000003	9871
2.87875	9800
2.8788	9863
2.87885	9858
2.8789000000000002	9895
2.87895	9894
2.879	9880
2.87905	9922
2.8791	9933
2.87915	9901
2.8792	9856
2.87925	9868
2.8793	9882
2.87935	9888
2.8794	9892
2.87945	9921
2.8795	9903
2.87955	9948
2.8796	9886
2.8796500000000003	9948
2.8797	9945
2.87975	9909
2.8798	9952
2.8798500000000002	9939
2.8799	9970
2.87995	9928
2.88	9969
2.88005	9957
2.8801	9995
2.88015	9968
2.8802	9981
2.88025	9968
2.8803	10025
2.88035	10061
2.8804000000000003	9958
2.88045	10000
2.8805	10022
2.88055	9991
2.8806000000000003	9971
2.88065	9984
2.8807	10014
2.88075	9981
2.8808000000000002	9987
2.88085	9972
2.8809	9984
2.88095	9960
2.8810000000000002	9940
2.88105	9985
2.8811	9974
2.88115	9998
2.8812	10002
2.88125	9961
2.8813	9957
2.8813500000000003	9955
2.8814	9973
2.88145	9928
2.8815	9963
2.8815500000000003	9974
2.8816	10011
2.88165	9976
2.8817	9908
2.8817500000000003	9957
2.8818	9975
2.88185	9968
2.8819	9990
2.8819500000000002	9942
2.872	10087
2.8720499999999998	9994
2.8721	10048
2.87215	9994
2.8722	10056
2.8722499999999997	9983
2.8723	10045
2.87235	10018
2.8724	9970
2.8724499999999997	10029
2.8725	9993
2.87255	10011
2.8726	10003
2.8726499999999997	9987
2.8727	10018
2.87275	9916
2.8728	9993
2.87285	9924
2.8729	10009
2.87295	9958
2.8729999999999998	10028
2.87305	9957
2.8731	9965
2.87315	9940
2.8731999999999998	9959
2.87325	9951
2.8733	9949
2.87335	9954
2.8733999999999997	9950
2.87345	9960
2.8735	9898
2.87355	9961
2.8735999999999997	9927
2.87365	9901
2.8737	9910
2.87375	9826
2.8738	9823
2.87385	9867
2.8739	9881
2.87395	9895
2.874	9824
2.87405	9774
2.8741	9800
2.8741499999999998	9858
2.8742	9832
2.87425	9890
2.8743	9848
2.8743499999999997	9829
2.8744	9859
2.87445	9830
2.8745	9860
2.87455	9857
2.8746	9844
2.87465	9856
2.8747	9901
2.87475	9877
2.8748	9923
2.87485	9912
2.8749	9939
2.87495	9841
2.875	9923
2.87505	9911
2.8750999999999998	9919
2.87515	9844
2.8752	9886
2.87525	9878
2.8752999999999997	9937
2.87535	9888
2.8754	9958
2.87545	9910
2.8755	9862
2.87555	9918
2.8756	9930
2.87565	9906
2.8757	9876
2.87575	9906
2.8758	9880
2.87585	9846
2.8759	9911
2.87595	9878
2.876	9778
2.8760499999999998	9816
2.8761	9836
2.87615	9830
2.8762	9817
2.87625	9792
2.8763	9787
2.87635	9863
2.8764	9819
2.87645	9817
2.8765	9811
2.87655	9886
2.8766	9805
2.87665	9855
2.8767	9873
2.87675	9860
2.8768	9778
2.87685	9872
2.8769	9876
2.87695	9866
2.877	9849
2.87705	9913
2.8771	9844
2.87715	9875
2.8772	9929
2.87725	9951
2.8773	9910
2.87735	9853
2.8774	9936
2.87745	9887
2.8775	9921
2.87755	9892
2.8776	9895
2.87765	9890
2.8777	9866
2.87775	9931
2.8778	9869
2.87785	9869
2.8779	9842
2.8779500000000002	9860
2.878	9854
2.87805	9841
2.8781	9856
2.87815	9846
2.8782	9852
2.87825	9824
2.8783	9817
2.87835	9841
2.8784	9784
2.87845	9855
2.8785	9870
2.87855	9852
2.8786	9844
2.87865	9843
2.8787000000000003	9889
2.87875	9891
2.8788	9881
2.87885	9800
2.8789000000000002	9875
2.87895	9911
2.879	9856
2.87905	9898
2.8791	9943
2.87915	9889
2.8792	9889
2.87925	9914
2.8793	9949
2.87935	9954
2.8794	9974
2.87945	9898
2.8795	9958
2.87955	9906
2.8796	9944
2.8796500000000003	9998
2.8797	10015
2.87975	9945
2.8798	9972
2.8798500000000002	9996
2.8799	9960
2.87995	9989
2.88	9988
2.88005	9962
2.8801	9986
2.88015	9989
2.8802	9986
2.88025	9973
2.8803	9993
2.88035	9993
2.8804000000000003	10001
2.88045	10024
2.8805	10023
2.88055	10038
2.8806000000000003	9976
2.88065	10046
2.8807	9981
2.88075	10015
2.8808000000000002	9985
2.88085	10011
2.8809	10003
2.88095	9974
2.8810000000000002	10016
2.88105	9948
2.8811	10010
2.88115	9991
2.8812	10006
2.88125	9994
2.8813	9946
2.8813500000000003	9968
2.8814	9976
2.88145	10006
2.8815	10044
2.8815500000000003	10019
2.8816	10001
2.88165	9992
2.8817	9992
2.8817500000000003	10002
2.8818	10048
2.88185	9985
2.8819	9969
2.8819500000000002	10007
2.872	10058
2.8720499999999998	10017
2.8721	10049
2.87215	9990
2.8722	10063
2.8722499999999997	10029
2.8723	10069
2.87235	9996
2.8724	10018
2.8724499999999997	10014
2.8725	10008
2.87255	9993
2.8726	10043
2.8726499999999997	10050
2.8727	9966
2.87275	10049
2.8728	9992
2.87285	10028
2.8729	10038
2.87295	9956
2.8729999999999998	9966
2.87305	10009
2.8731	10046
2.87315	9977
2.8731999999999998	9964
2.87325	9921
2.8733	9962
2.87335	9931
2.8733999999999997	9942
2.87345	9951
2.8735	9934
2.87355	9886
2.8735999999999997	10016
2.87365	9931
2.8737	9887
2.87375	9919
2.8738	9924
2.87385	9902
2.8739	9866
2.87395	9932
2.874	9901
2.87405	9855
2.8741	9861
2.8741499999999998	9870
2.8742	9912
2.87425	9879
2.8743	9804
2.8743499999999997	9855
2.8744	9816
2.87445	9888
2.8745	9862
2.87455	9892
2.8746	9842
2.87465	9843
2.8747	9855
2.87475	9866
2.8748	9853
2.87485	9851
2.8749	9846
2.87495	9904
2.875	9925
2.87505	9898
2.8750999999999998	9874
2.87515	9974
2.8752	9890
2.87525	9888
2.8752999999999997	9853
2.87535	9920
2.8754	9920
2.87545	9938
2.8755	9889
2.87555	9836
2.8756	9887
2.87565	9893
2.8757	9839
2.87575	9887
2.8758	9902
2.87585	9849
2.8759	9835
2.87595	9827
2.876	9864
2.8760499999999998	9795
2.8761	9807
2.87615	9831
2.8762	9858
2.87625	9835
2.8763	9817
2.87635	9789
2.8764	9807
2.87645	9855
2.8765	9888
2.87655	9828
2.8766	9868
2.87665	9880
2.8767	9907
2.87675	9851
2.8768	9884
2.87685	9843
2.8769	9836
2.87695	9908
2.877	9873
2.87705	9890
2.8771	9919
2.87715	9850
2.8772	9916
2.87725	9922
2.8773	9913
2.87735	9888
2.8774	9937
2.87745	9920
2.8775	9915
2.87755	9922
2.8776	9891
2.87765	9917
2.8777	9908
2.87775	9887
2.8778	9923
2.87785	9841
2.8779	9938
2.8779500000000002	9855
2.878	9862
2.87805	9829
2.8781	9830
2.87815	9860
2.8782	9840
2.87825	9815
2.8783	9817
2.87835	9846
2.8784	9829
2.87845	9870
2.8785	9825
2.87855	9822
2.8786	9837
2.87865	9831
2.8787000000000003	9893
2.87875	9824
2.8788	9880
2.87885	9854
2.8789000000000002	9861
2.87895	9823
2.879	9856
2.87905	9871
2.8791	9896
2.87915	9885
2.8792	9940
2.87925	9875
2.8793	9835
2.87935	9921
2.8794	9972
2.87945	9922
2.8795	9898
2.87955	9960
2.8796	9925
2.8796500000000003	9926
2.8797	9879
2.87975	9931
2.8798	9950
2.8798500000000002	9927
2.8799	9946
2.87995	9992
2.88	9958
2.88005	10021
2.8801	9988
2.88015	9965
2.8802	9899
2.88025	9965
2.8803	9929
2.88035	9961
2.8804000000000003	9933
2.88045	9978
2.8805	9953
2.88055	10020
2.8806000000000003	9963
2.88065	10011
2.8807	9966
2.88075	9949
2.8808000000000002	10025
2.88085	10025
2.8809	9899
2.88095	9983
2.8810000000000002	9917
2.88105	9938
2.8811	9988
2.88115	10002
2.8812	9975
2.88125	9945
2.8813	9905
2.8813500000000003	10004
2.8814	9930
2.88145	9900
2.8815	9966
2.8815500000000003	10027
2.8816	9998
2.88165	10013
2.8817	9950
2.8817500000000003	10019
2.8818	9947
2.88185	9971
2.8819	9971
2.8819500000000002	9941
2.872	9992
2.8720499999999998	9987
2.8721	10058
2.87215	9931
2.8722	10053
2.8722499999999997	9966
2.8723	10024
2.87235	10032
2.8724	9941
2.8724499999999997	9991
2.8725	9955
2.87255	9998
2.8726	9971
2.8726499999999997	9972
2.8727	10012
2.87275	9979
2.8728	9983
2.87285	9948
2.8729	9971
2.87295	9994
2.8729999999999998	9945
2.87305	9962
2.8731	9943
2.87315	9967
2.8731999999999998	9975
2.87325	9972
2.8733	9942
2.87335	9900
2.8733999999999997	9917
2.87345	9936
2.8735	9858
2.87355	9910
2.8735999999999997	9805
2.87365	9906
2.8737	9863
2.87375	9870
2.8738	9838
2.87385	9826
2.8739	9891
2.87395	9840
2.874	9834
2.87405	9798
2.8741	9800
2.8741499999999998	9771
2.8742	9816
2.87425	9813
2.8743	9790
2.8743499999999997	9824
2.8744	9829
2.87445	9747
2.8745	9890
2.87455	9808
2.8746	9893
2.87465	9858
2.8747	9867
2.87475	9851
2.8748	9899
2.87485	9866
2.8749	9811
2.87495	9911
2.875	9906
2.87505	9904
2.8750999999999998	9893
2.87515	9900
2.8752	9807
2.87525	9866
2.8752999999999997	9863
2.87535	9951
2.8754	9902
2.87545	9902
2.8755	9842
2.87555	9913
2.8756	9878
2.87565	9926
2.8757	9897
2.87575	9843
2.8758	9834
2.87585	9877
2.8759	9844
2.87595	9815
2.876	9817
2.8760499999999998	9856
2.8761	9818
2.87615	9779
2.8762	9819
2.87625	9812
2.8763	9826
2.87635	9771
2.8764	9769
2.87645	9853
2.8765	9837
2.87655	9809
2.8766	9820
2.87665	9826
2.8767	9868
2.87675	9840
2.8768	9849
2.87685	9885
2.8769	9922
2.87695	9898
2.877	9872
2.87705	9861
2.8771	9896
2.87715	9855
2.8772	9876
2.87725	9872
2.8773	9929
2.87735	9840
2.8774	9864
2.87745	9855
2.8775	9944
2.87755	9865
2.8776	9881
2.87765	9887
2.8777	9858
2.87775	9893
2.8778	9894
2.87785	9916
2.8779	9876
2.8779500000000002	9853
2.878	9793
2.87805	9853
2.8781	9813
2.87815	9826
2.8782	9821
2.87825	9847
2.8783	9827
2.87835	9854
2.8784	9829
2.87845	9839
2.8785	9759
2.87855	9808
2.8786	9850
2.87865	9847
2.8787000000000003	9859
2.87875	9851
2.8788	9848
2.87885	9877
2.8789000000000002	9804
2.87895	9816
2.879	9836
2.87905	9879
2.8791	9918
2.87915	9874
2.8792	9890
2.87925	9895
2.8793	9903
2.87935	9926
2.8794	9924
2.87945	9952
2.8795	9947
2.87955	9974
2.8796	9931
2.8796500000000003	9943
2.8797	9914
2.87975	10004
2.8798	9960
2.8798500000000002	9930
2.8799	9948
2.87995	9982
2.88	10014
2.88005	9953
2.8801	9968
2.88015	9931
2.8802	9995
2.88025	9967
2.8803	9996
2.88035	9952
2.8804000000000003	9959
2.88045	9968
2.8805	9920
2.88055	9949
2.8806000000000003	9969
2.88065	9978
2.8807	9951
2.88075	9931
2.8808000000000002	9962
2.88085	9986
2.8809	9996
2.88095	9952
2.8810000000000002	9912
2.88105	10016
2.8811	9959
2.88115	9973
2.8812	9987
2.88125	9939
2.8813	9998
2.8813500000000003	10018
2.8814	9935
2.88145	9943
2.8815	9899
2.8815500000000003	10016
2.8816	9989
2.88165	9955
2.8817	9988
2.8817500000000003	9956
2.8818	9938
2.88185	9992
2.8819	9956
2.8819500000000002	9964
2.872	10006
2.8720499999999998	9978
2.8721	9935
2.87215	10051
2.8722	10006
2.8722499999999997	9978
2.8723	10055
2.87235	9972
2.8724	9986
2.8724499999999997	9907
2.8725	9998
2.87255	9999
2.8726	10006
2.8726499999999997	10001
2.8727	9963
2.87275	9965
2.8728	10032
2.87285	9959
2.8729	10018
2.87295	10034
2.8729999999999998	9961
2.87305	10014
2.8731	9921
2.87315	9962
2.8731999999999998	9941
2.87325	9899
2.8733	9874
2.87335	9941
2.8733999999999997	9955
2.87345	9904
2.8735	9998
2.87355	9898
2.8735999999999997	9883
2.87365	9967
2.8737	9887
2.87375	9881
2.8738	9868
2.87385	9908
2.8739	9876
2.87395	9799
2.874	9825
2.87405	9844
2.8741	9811
2.8741499999999998	9843
2.8742	9815
2.87425	9825
2.8743	9811
2.8743499999999997	9853
2.8744	9850
2.87445	9857
2.8745	9781
2.87455	9904
2.8746	9887
2.87465	9904
2.8747	9858
2.87475	9790
2.8748	9868
2.87485	9858
2.8749	9909
2.87495	9894
2.875	9905
2.87505	9901
2.8750999999999998	9905
2.87515	9902
2.8752	9920
2.87525	9908
2.8752999999999997	9860
2.87535	9854
2.8754	9904
2.87545	9893
2.8755	9944
2.87555	9881
2.8756	9909
2.87565	9923
2.8757	9869
2.87575	9899
2.8758	9865
2.87585	9863
2.8759	9854
2.87595	9871
2.876	9807
2.8760499999999998	9832
2.8761	9772
2.87615	9824
2.8762	9825
2.87625	9872
2.8763	9884
2.87635	9781
2.8764	9822
2.87645	9797
2.8765	9804
2.87655	9791
2.8766	9790
2.87665	9807
2.8767	9845
2.87675	9758
2.8768	9831
2.87685	9853
2.8769	9831
2.87695	9935
2.877	9902
2.87705	9930
2.8771	9849
2.87715	9872
2.8772	9903
2.87725	9924
2.8773	9911
2.87735	9924
2.8774	9853
2.87745	9924
2.8775	9979
2.87755	9920
2.8776	9905
2.87765	9925
2.8777	9927
2.87775	9908
2.8778	9865
2.87785	9897
2.8779	9844
2.8779500000000002	9868
2.878	9819
2.87805	9901
2.8781	9872
2.87815	9873
2.8782	9849
2.87825	9818
2.8783	9850
2.87835	9857
2.8784	9872
2.87845	9827
2.8785	9844
2.87855	9910
2.8786	9876
2.87865	9823
2.8787000000000003	9857
2.87875	9913
2.8788	9906
2.87885	9879
2.8789000000000002	9848
2.87895	9864
2.879	9889
2.87905	9905
2.8791	9901
2.87915	9910
2.8792	9930
2.87925	9897
2.8793	9970
2.87935	9975
2.8794	9959
2.87945	9940
2.8795	9974
2.87955	9946
2.8796	9965
2.8796500000000003	9949
2.8797	10014
2.87975	9993
2.8798	9949
2.8798500000000002	9969
2.8799	9966
2.87995	9942
2.88	9949
2.88005	10009
2.8801	10008
2.88015	9995
2.8802	9997
2.88025	9948
2.8803	9995
2.88035	9998
2.8804000000000003	9982
2.88045	9985
2.8805	10004
2.88055	10035
2.8806000000000003	10005
2.88065	9971
2.8807	9958
2.88075	9986
2.8808000000000002	9999
2.88085	9937
2.8809	9964
2.88095	10011
2.8810000000000002	9993
2.88105	9964
2.8811	9964
2.88115	9973
2.8812	10016
2.88125	10022
2.8813	9967
2.8813500000000003	9978
2.8814	9995
2.88145	9985
2.8815	9955
2.8815500000000003	9946
2.8816	9953
2.88165	9967
2.8817	9999
2.8817500000000003	9990
2.8818	9966
2.88185	10018
2.8819	10003
2.8819500000000002	9917
2.872	10041
2.8720499999999998	10051
2.8721	10008
2.87215	10034
2.8722	10006
2.8722499999999997	10011
2.8723	10051
2.87235	10070
2.8724	10042
2.8724499999999997	9999
2.8725	10041
2.87255	10060
2.8726	10021
2.8726499999999997	9956
2.8727	9971
2.87275	9968
2.8728	9987
2.87285	10000
2.8729	9948
2.87295	9977
2.8729999999999998	9990
2.87305	9948
2.8731	9980
2.87315	9979
2.8731999999999998	10008
2.87325	9994
2.8733	9921
2.87335	9930
2.8733999999999997	9943
2.87345	9937
2.8735	9870
2.87355	9882
2.8735999999999997	9925
2.87365	9854
2.8737	9870
2.87375	9869
2.8738	9872
2.87385	9890
2.8739	9846
2.87395	9847
2.874	9883
2.87405	9834
2.8741	9843
2.8741499999999998	9813
2.8742	9852
2.87425	9831
2.8743	9878
2.8743499999999997	9859
2.8744	9806
2.87445	9792
2.8745	9913
2.87455	9820
2.8746	9831
2.87465	9893
2.8747	9888
2.87475	9875
2.8748	9841
2.87485	9814
2.8749	9872
2.87495	9906
2.875	9905
2.87505	9864
2.8750999999999998	9915
2.87515	9878
2.8752	9877
2.87525	9902
2.8752999999999997	9971
2.87535	9910
2.8754	9910
2.87545	9889
2.8755	9885
2.87555	9818
2.8756	9918
2.87565	9928
2.8757	9867
2.87575	9826
2.8758	9830
2.87585	9860
2.8759	9855
2.87595	9866
2.876	9861
2.8760499999999998	9839
2.8761	9805
2.87615	9861
2.8762	9836
2.87625	9763
2.8763	9852
2.87635	9791
2.8764	9832
2.87645	9810
2.8765	9852
2.87655	9838
2.8766	9833
2.87665	9863
2.8767	9837
2.87675	9835
2.8768	9890
2.87685	9880
2.8769	9908
2.87695	9855
2.877	9883
2.87705	9911
2.8771	9908
2.87715	9868
2.8772	9861
2.87725	9928
2.8773	9915
2.87735	9942
2.8774	9937
2.87745	9921
2.8775	9901
2.87755	9852
2.8776	9912
2.87765	9936
2.8777	9936
2.87775	9890
2.8778	9889
2.87785	9915
2.8779	9891
2.8779500000000002	9900
2.878	9845
2.87805	9889
2.8781	9865
2.87815	9792
2.8782	9789
2.87825	9785
2.8783	9850
2.87835	9856
2.8784	9860
2.87845	9826
2.8785	9821
2.87855	9831
2.8786	9846
2.87865	9846
2.8787000000000003	9858
2.87875	9875
2.8788	9905
2.87885	9905
2.8789000000000002	9845
2.87895	9833
2.879	9874
2.87905	9944
2.8791	9915
2.87915	9927
2.8792	9849
2.87925	9912
2.8793	9938
2.87935	9969
2.8794	9911
2.87945	9919
2.8795	10016
2.87955	9944
2.8796	9959
2.8796500000000003	9945
2.8797	9909
2.87975	9976
2.8798	9980
2.8798500000000002	9998
2.8799	9972
2.87995	9985
2.88	10000
2.88005	9984
2.8801	9991
2.88015	9987
2.8802	9958
2.88025	9969
2.8803	9977
2.88035	9969
2.8804000000000003	9987
2.88045	9983
2.8805	10005
2.88055	10018
2.8806000000000003	10004
2.88065	10023
2.8807	9994
2.88075	9993
2.8808000000000002	9973
2.88085	10002
2.8809	9952
2.88095	9983
2.8810000000000002	9998
2.88105	9970
2.8811	10040
2.88115	10031
2.8812	10015
2.88125	10012
2.8813	9984
2.8813500000000003	9970
2.8814	10019
2.88145	10073
2.8815	9984
2.8815500000000003	9992
2.8816	9993
2.88165	10009
2.8817	9955
2.8817500000000003	10045
2.8818	9996
2.88185	10028
2.8819	9981
2.8819500000000002	9986
2.872	10002
2.8720499999999998	10023
2.8721	10003
2.87215	10025
2.8722	10043
2.8722499999999997	10020
2.8723	10047
2.87235	10037
2.8724	10024
2.8724499999999997	9995
2.8725	9964
2.87255	9987
2.8726	9998
2.8726499999999997	10021
2.8727	9996
2.87275	10013
2.8728	9975
2.87285	9967
2.8729	10012
2.87295	9903
2.8729999999999998	9961
2.87305	9947
2.8731	9941
2.87315	9990
2.8731999999999998	10026
2.87325	9957
2.8733	9962
2.87335	9897
2.8733999999999997	9954
2.87345	9933
2.8735	9904
2.87355	9903
2.8735999999999997	9957
2.87365	9887
2.8737	9885
2.87375	9898
2.8738	9895
2.87385	9904
2.8739	9868
2.87395	9849
2.874	9844
2.87405	9805
2.8741	9834
2.8741499999999998	9818
2.8742	9805
2.87425	9846
2.8743	9835
2.8743499999999997	9854
2.8744	9832
2.87445	9871
2.8745	9861
2.87455	9913
2.8746	9869
2.87465	9865
2.8747	9882
2.87475	9845
2.8748	9860
2.87485	9884
2.8749	9862
2.87495	9874
2.875	9882
2.87505	9847
2.8750999999999998	9948
2.87515	9853
2.8752	9928
2.87525	9925
2.8752999999999997	9903
2.87535	9875
2.8754	9900
2.87545	9869
2.8755	9905
2.87555	9927
2.8756	9931
2.87565	9895
2.8757	9864
2.87575	9889
2.8758	9884
2.87585	9885
2.8759	9857
2.87595	9893
2.876	9837
2.8760499999999998	9805
2.8761	9830
2.87615	9797
2.8762	9793
2.87625	9806
2.8763	9880
2.87635	9821
2.8764	9796
2.87645	9840
2.8765	9864
2.87655	9749
2.8766	9856
2.87665	9924
2.8767	9883
2.87675	9891
2.8768	9880
2.87685	9818
2.8769	9887
2.87695	9879
2.877	9885
2.87705	9893
2.8771	9946
2.87715	9825
2.8772	9903
2.87725	9931
2.8773	9937
2.87735	9921
2.8774	9942
2.87745	9920
2.8775	9867
2.87755	9891
2.8776	9916
2.87765	9876
2.8777	9901
2.87775	9895
2.8778	9879
2.87785	9929
2.8779	9797
2.8779500000000002	9867
2.878	9888
2.87805	9894
2.8781	9849
2.87815	9915
2.8782	9845
2.87825	9876
2.8783	9790
2.87835	9850
2.8784	9759
2.87845	9813
2.8785	9855
2.87855	9788
2.8786	9895
2.87865	9874
2.8787000000000003	9877
2.87875	9905
2.8788	9888
2.87885	9880
2.8789000000000002	9853
2.87895	9824
2.879	9882
2.87905	9903
2.8791	9885
2.87915	9894
2.8792	9894
2.87925	9859
2.8793	9904
2.87935	9955
2.8794	9951
2.87945	9942
2.8795	9919
2.87955	9915
2.8796	9953
2.8796500000000003	9946
2.8797	10015
2.87975	9964
2.8798	9994
2.8798500000000002	10003
2.8799	9936
2.87995	10003
2.88	9975
2.88005	9969
2.8801	9981
2.88015	9979
2.8802	10044
2.88025	9992
2.8803	9941
2.88035	9997
2.8804000000000003	9995
2.88045	9946
2.8805	9954
2.88055	9976
2.8806000000000003	10046
2.88065	9976
2.8807	9998
2.88075	10031
2.8808000000000002	9955
2.88085	10037
2.8809	9976
2.88095	9996
2.8810000000000002	9998
2.88105	9968
2.8811	10007
2.88115	9985
2.8812	9967
2.88125	10039
2.8813	10012
2.8813500000000003	10006
2.8814	9992
2.88145	9925
2.8815	9962
2.8815500000000003	9965
2.8816	9951
2.88165	9961
2.8817	9971
2.8817500000000003	9955
2.8818	9972
2.88185	9990
2.8819	9963
2.8819500000000002	9993
2.872	10036
2.8720499999999998	10030
2.8721	10051
2.87215	10005
2.8722	10042
2.8722499999999997	10017
2.8723	9952
2.87235	10018
2.8724	9992
2.8724499999999997	10058
2.8725	9987
2.87255	9967
2.8726	9986
2.8726499999999997	10000
2.8727	9949
2.87275	9964
2.8728	9975
2.87285	9971
2.8729	10043
2.87295	9984
2.8729999999999998	9996
2.87305	9911
2.8731	9974
2.87315	9964
2.8731999999999998	9943
2.87325	9961
2.8733	9992
2.87335	9948
2.8733999999999997	9909
2.87345	9888
2.8735	9949
2.87355	9914
2.8735999999999997	9921
2.87365	9888
2.8737	9853
2.87375	9898
2.8738	9863
2.87385	9863
2.8739	9831
2.87395	9797
2.874	9839
2.87405	9832
2.8741	9829
2.8741499999999998	9833
2.8742	9806
2.87425	9835
2.8743	9841
2.8743499999999997	9806
2.8744	9848
2.87445	9799
2.8745	9851
2.87455	9803
2.8746	9835
2.87465	9851
2.8747	9893
2.87475	9872
2.8748	9870
2.87485	9835
2.8749	9874
2.87495	9941
2.875	9922
2.87505	9854
2.8750999999999998	9873
2.87515	9923
2.8752	9885
2.87525	9905
2.8752999999999997	9930
2.87535	9968
2.8754	9885
2.87545	9889
2.8755	9889
2.87555	9911
2.8756	9922
2.87565	9941
2.8757	9880
2.87575	9931
2.8758	9883
2.87585	9844
2.8759	9907
2.87595	9861
2.876	9842
2.8760499999999998	9818
2.8761	9846
2.87615	9776
2.8762	9898
2.87625	9835
2.8763	9818
2.87635	9825
2.8764	9843
2.87645	9826
2.8765	9804
2.87655	9829
2.8766	9879
2.87665	9810
2.8767	9836
2.87675	9877
2.8768	9880
2.87685	9836
2.8769	9846
2.87695	9853
2.877	9923
2.87705	9928
2.8771	9892
2.87715	9909
2.8772	9913
2.87725	9921
2.8773	9911
2.87735	9919
2.8774	9909
2.87745	9922
2.8775	9918
2.87755	9934
2.8776	9914
2.87765	9913
2.8777	9870
2.87775	9880
2.8778	9899
2.87785	9909
2.8779	9878
2.8779500000000002	9846
2.878	9863
2.87805	9821
2.8781	9878
2.87815	9860
2.8782	9808
2.87825	9850
2.8783	9837
2.87835	9792
2.8784	9839
2.87845	9818
2.8785	9810
2.87855	9807
2.8786	9819
2.87865	9846
2.8787000000000003	9905
2.87875	9939
2.8788	9831
2.87885	9811
2.8789000000000002	9896
2.87895	9838
2.879	9885
2.87905	9918
2.8791	9885
2.87915	9881
2.8792	9871
2.87925	9921
2.8793	9896
2.87935	9988
2.8794	9917
2.87945	9933
2.8795	9997
2.87955	9933
2.8796	9925
2.8796500000000003	9987
2.8797	9958
2.87975	9932
2.8798	9957
2.8798500000000002	9934
2.8799	9944
2.87995	9936
2.88	9990
2.88005	9964
2.8801	9984
2.88015	9987
2.8802	9963
2.88025	9919
2.8803	9959
2.88035	9994
2.8804000000000003	9975
2.88045	9976
2.8805	10034
2.88055	9988
2.8806000000000003	9970
2.88065	9994
2.8807	9991
2.88075	10030
2.8808000000000002	9980
2.88085	10008
2.8809	10039
2.88095	9957
2.8810000000000002	10036
2.88105	10006
2.8811	10001
2.88115	9970
2.8812	9999
2.88125	9956
2.8813	9905
2.8813500000000003	9996
2.8814	9928
2.88145	9970
2.8815	9942
2.8815500000000003	9877
2.8816	9939
2.88165	9981
2.8817	9980
2.8817500000000003	9980
2.8818	10003
2.88185	9973
2.8819	9931
2.8819500000000002	10023
2.872	10060
2.8720499999999998	10040
2.8721	9989
2.87215	10006
2.8722	10093
2.8722499999999997	10040
2.8723	9948
2.87235	10080
2.8724	10031
2.8724499999999997	10001
2.8725	10027
2.87255	10017
2.8726	9936
2.8726499999999997	9981
2.8727	10003
2.87275	10019
2.8728	10035
2.87285	9980
2.8729	9962
2.87295	9960
2.8729999999999998	9955
2.87305	9903
2.8731	9948
2.87315	9909
2.8731999999999998	9931
2.87325	9936
2.8733	9972
2.87335	9936
2.8733999999999997	9900
2.87345	9930
2.8735	9924
2.87355	9945
2.8735999999999997	9913
2.87365	9917
2.8737	9897
2.87375	9861
2.8738	9913
2.87385	9897
2.8739	9818
2.87395	9890
2.874	9826
2.87405	9865
2.8741	9820
2.8741499999999998	9851
2.8742	9912
2.87425	9874
2.8743	9849
2.8743499999999997	9864
2.8744	9818
2.87445	9880
2.8745	9875
2.87455	9881
2.8746	9901
2.87465	9873
2.8747	9831
2.87475	9862
2.8748	9939
2.87485	9889
2.8749	9926
2.87495	9864
2.875	9939
2.87505	9958
2.8750999999999998	9959
2.87515	9883
2.8752	9907
2.87525	9903
2.8752999999999997	9892
2.87535	9944
2.8754	9884
2.87545	9907
2.8755	9882
2.87555	9899
2.8756	9897
2.87565	9877
2.8757	9885
2.87575	9883
2.8758	9925
2.87585	9878
2.8759	9850
2.87595	9871
2.876	9789
2.8760499999999998	9811
2.8761	9803
2.87615	9863
2.8762	9835
2.87625	9858
2.8763	9826
2.87635	9914
2.8764	9840
2.87645	9831
2.8765	9832
2.87655	9823
2.8766	9902
2.87665	9861
2.8767	9848
2.87675	9872
2.8768	9934
2.87685	9925
2.8769	9924
2.87695	9885
2.877	9912
2.87705	9896
2.8771	9909
2.87715	9890
2.8772	9911
2.87725	9889
2.8773	9911
2.87735	9932
2.8774	9892
2.87745	9893
2.8775	9880
2.87755	9932
2.8776	9882
2.87765	9899
2.8777	9884
2.87775	9894
2.8778	9857
2.87785	9896
2.8779	9878
2.8779500000000002	9852
2.878	9872
2.87805	9859
2.8781	9852
2.87815	9839
2.8782	9866
2.87825	9886
2.8783	9883
2.87835	9833
2.8784	9909
2.87845	9852
2.8785	9836
2.87855	9886
2.8786	9848
2.87865	9866
2.8787000000000003	9881
2.87875	9814
2.8788	9830
2.87885	9944
2.8789000000000002	9883
2.87895	9870
2.879	9898
2.87905	9929
2.8791	9881
2.87915	9897
2.8792	9956
2.87925	9903
2.8793	9946
2.87935	9947
2.8794	9956
2.87945	9961
2.8795	9949
2.87955	9915
2.8796	10007
2.8796500000000003	9992
2.8797	10026
2.87975	9969
2.8798	9981
2.8798500000000002	9988
2.8799	9996
2.87995	9937
2.88	10007
2.88005	10005
2.8801	9998
2.88015	10005
2.8802	9981
2.88025	9963
2.8803	10030
2.88035	10080
2.8804000000000003	9982
2.88045	10010
2.8805	10020
2.88055	9973
2.8806000000000003	10030
2.88065	10016
2.8807	9973
2.88075	10027
2.8808000000000002	9984
2.88085	10005
2.8809	10014
2.88095	10030
2.8810000000000002	9989
2.88105	10041
2.8811	9991
2.88115	10011
2.8812	9989
2.88125	10008
2.8813	10005
2.8813500000000003	9954
2.8814	10001
2.88145	9977
2.8815	9986
2.8815500000000003	9997
2.8816	9993
2.88165	10011
2.8817	9993
2.8817500000000003	9973
2.8818	10008
2.88185	9973
2.8819	10034
2.8819500000000002	9936
2.872	10046
2.8720499999999998	10052
2.8721	10045
2.87215	10025
2.8722	10038
2.8722499999999997	10054
2.8723	10060
2.87235	10037
2.8724	10057
2.8724499999999997	10030
2.8725	9995
2.87255	10062
2.8726	10031
2.8726499999999997	10025
2.8727	9979
2.87275	9993
2.8728	10022
2.87285	10005
2.8729	9995
2.87295	9994
2.8729999999999998	10006
2.87305	9944
2.8731	9990
2.87315	10034
2.8731999999999998	9971
2.87325	9987
2.8733	9948
2.87335	9938
2.8733999999999997	9938
2.87345	9877
2.8735	9923
2.87355	9913
2.8735999999999997	9911
2.87365	9852
2.8737	9908
2.87375	9926
2.8738	9907
2.87385	9912
2.8739	9842
2.87395	9824
2.874	9892
2.87405	9812
2.8741	9868
2.8741499999999998	9796
2.8742	9834
2.87425	9843
2.8743	9823
2.8743499999999997	9872
2.8744	9882
2.87445	9877
2.8745	9866
2.87455	9847
2.8746	9887
2.87465	9871
2.8747	9881
2.87475	9917
2.8748	9937
2.87485	9944
2.8749	9923
2.87495	9926
2.875	9923
2.87505	9941
2.8750999999999998	9938
2.87515	9884
2.8752	9913
2.87525	9945
2.8752999999999997	9889
2.87535	9863
2.8754	9945
2.87545	9952
2.8755	9947
2.87555	9888
2.8756	9905
2.87565	9931
2.8757	9901
2.87575	9905
2.8758	9872
2.87585	9870
2.8759	9804
2.87595	9880
2.876	9847
2.8760499999999998	9812
2.8761	9825
2.87615	9868
2.8762	9832
2.87625	9840
2.8763	9821
2.87635	9831
2.8764	9867
2.87645	9805
2.8765	9875
2.87655	9862
2.8766	9875
2.87665	9841
2.8767	9886
2.87675	9822
2.8768	9890
2.87685	9878
2.8769	9870
2.87695	9908
2.877	9860
2.87705	9914
2.8771	9880
2.87715	9897
2.8772	9905
2.87725	9908
2.8773	9904
2.87735	9911
2.8774	9907
2.87745	9881
2.8775	9915
2.87755	9951
2.8776	9932
2.87765	9914
2.8777	9866
2.87775	9911
2.8778	9872
2.87785	9855
2.8779	9901
2.8779500000000002	9879
2.878	9889
2.87805	9869
2.8781	9856
2.87815	9864
2.8782	9853
2.87825	9828
2.8783	9824
2.87835	9834
2.8784	9764
2.87845	9825
2.8785	9837
2.87855	9877
2.8786	9859
2.87865	9846
2.8787000000000003	9833
2.87875	9881
2.8788	9865
2.87885	9914
2.8789000000000002	9919
2.87895	9900
2.879	9860
2.87905	9893
2.8791	9909
2.87915	9854
2.8792	9894
2.87925	9907
2.8793	9931
2.87935	9992
2.8794	9995
2.87945	9967
2.8795	9960
2.87955	10016
2.8796	9973
2.8796500000000003	9919
2.8797	10020
2.87975	9945
2.8798	9961
2.8798500000000002	9972
2.8799	9942
2.87995	10001
2.88	9986
2.88005	10026
2.8801	10007
2.88015	9984
2.8802	9991
2.88025	10017
2.8803	9930
2.88035	9993
2.8804000000000003	10054
2.88045	10111
2.8805	10007
2.88055	9991
2.8806000000000003	10038
2.88065	9945
2.8807	10025
2.88075	9956
2.8808000000000002	10023
2.88085	10054
2.8809	10051
2.88095	9977
2.8810000000000002	10041
2.88105	10018
2.8811	10033
2.88115	9965
2.8812	9969
2.88125	10000
2.8813	10070
2.8813500000000003	9937
2.8814	9996
2.88145	10011
2.8815	10017
2.8815500000000003	9980
2.8816	9977
2.88165	9958
2.8817	9996
2.8817500000000003	9966
2.8818	9988
2.88185	9985
2.8819	10011
2.8819500000000002	10074
2.872	10022
2.8720499999999998	10054
2.8721	9995
2.87215	10011
2.8722	10030
2.8722499999999997	10036
2.8723	10057
2.87235	10046
2.8724	10013
2.8724499999999997	10007
2.8725	10004
2.87255	10028
2.8726	9993
2.8726499999999997	10005
2.8727	10005
2.87275	9994
2.8728	9974
2.87285	9964
2.8729	10006
2.87295	10006
2.8729999999999998	9940
2.87305	10001
2.8731	9916
2.87315	9962
2.8731999999999998	9899
2.87325	10001
2.8733	9902
2.87335	9939
2.8733999999999997	9977
2.87345	9948
2.8735	9897
2.87355	9905
2.8735999999999997	9865
2.87365	9919
2.8737	9911
2.87375	9949
2.8738	9882
2.87385	9835
2.8739	9874
2.87395	9863
2.874	9796
2.87405	9831
2.8741	9821
2.8741499999999998	9856
2.8742	9844
2.87425	9866
2.8743	9826
2.8743499999999997	9846
2.8744	9825
2.87445	9910
2.8745	9901
2.87455	9902
2.8746	9849
2.87465	9902
2.8747	9938
2.87475	9896
2.8748	9874
2.87485	9911
2.8749	9946
2.87495	9917
2.875	9960
2.87505	9901
2.8750999999999998	9926
2.87515	9876
2.8752	9931
2.87525	9895
2.8752999999999997	9956
2.87535	9860
2.8754	9916
2.87545	9914
2.8755	9893
2.87555	9870
2.8756	9900
2.87565	9957
2.8757	9893
2.87575	9905
2.8758	9927
2.87585	9835
2.8759	9892
2.87595	9881
2.876	9816
2.8760499999999998	9800
2.8761	9824
2.87615	9781
2.8762	9819
2.87625	9793
2.8763	9815
2.87635	9770
2.8764	9845
2.87645	9851
2.8765	9857
2.87655	9787
2.8766	9839
2.87665	9793
2.8767	9832
2.87675	9908
2.8768	9867
2.87685	9874
2.8769	9827
2.87695	9876
2.877	9891
2.87705	9917
2.8771	9899
2.87715	9930
2.8772	9827
2.87725	9899
2.8773	9903
2.87735	9872
2.8774	9905
2.87745	9891
2.8775	9930
2.87755	9946
2.8776	9826
2.87765	9854
2.8777	9857
2.87775	9855
2.8778	9870
2.87785	9899
2.8779	9857
2.8779500000000002	9849
2.878	9800
2.87805	9889
2.8781	9887
2.87815	9893
2.8782	9842
2.87825	9833
2.8783	9799
2.87835	9815
2.8784	9812
2.87845	9831
2.8785	9872
2.87855	9843
2.8786	9840
2.87865	9811
2.8787000000000003	9826
2.87875	9889
2.8788	9807
2.87885	9872
2.8789000000000002	9866
2.87895	9937
2.879	9902
2.87905	9883
2.8791	9855
2.87915	9903
2.8792	9853
2.87925	9902
2.8793	9897
2.87935	9878
2.8794	9876
2.87945	9857
2.8795	9917
2.87955	9974
2.8796	9937
2.8796500000000003	9945
2.8797	9873
2.87975	9955
2.8798	9987
2.8798500000000002	10002
2.8799	9953
2.87995	9992
2.88	10014
2.88005	9997
2.8801	9992
2.88015	10015
2.8802	10015
2.88025	10014
2.8803	9964
2.88035	9973
2.8804000000000003	9971
2.88045	9962
2.8805	9941
2.88055	9986
2.8806000000000003	10021
2.88065	9941
2.8807	9990
2.88075	9969
2.8808000000000002	10021
2.88085	9972
2.8809	9971
2.88095	9951
2.8810000000000002	10031
2.88105	9997
2.8811	9956
2.88115	9940
2.8812	9963
2.88125	9988
2.8813	9929
2.8813500000000003	9969
2.8814	9912
2.88145	10020
2.8815	10006
2.8815500000000003	9938
2.8816	9968
2.88165	10001
2.8817	9962
2.8817500000000003	9981
2.8818	9955
2.88185	9994
2.8819	10021
2.8819500000000002	9938
2.872	10075
2.8720499999999998	9997
2.8721	10005
2.87215	10032
2.8722	10049
2.8722499999999997	9978
2.8723	10074
2.87235	10092
2.8724	10000
2.8724499999999997	10022
2.8725	10003
2.87255	9979
2.8726	9990
2.8726499999999997	9991
2.8727	10020
2.87275	10014
2.8728	9996
2.87285	9958
2.8729	10042
2.87295	9986
2.8729999999999998	9989
2.87305	9944
2.8731	9997
2.87315	9944
2.8731999999999998	9985
2.87325	9955
2.8733	9996
2.87335	9949
2.8733999999999997	9944
2.87345	9971
2.8735	9980
2.87355	9934
2.8735999999999997	9860
2.87365	9870
2.8737	9960
2.87375	9865
2.8738	9932
2.87385	9917
2.8739	9884
2.87395	9813
2.874	9824
2.87405	9862
2.8741	9867
2.8741499999999998	9876
2.8742	9877
2.87425	9901
2.8743	9815
2.8743499999999997	9852
2.8744	9873
2.87445	9798
2.8745	9897
2.87455	9859
2.8746	9900
2.87465	9867
2.8747	9890
2.87475	9941
2.8748	9909
2.87485	9905
2.8749	9900
2.87495	9951
2.875	9840
2.87505	9915
2.8750999999999998	9911
2.87515	9956
2.8752	9860
2.87525	9950
2.8752999999999997	9913
2.87535	9954
2.8754	9898
2.87545	9843
2.8755	9889
2.87555	9909
2.8756	9907
2.87565	9903
2.8757	9858
2.87575	9915
2.8758	9848
2.87585	9882
2.8759	9839
2.87595	9868
2.876	9884
2.8760499999999998	9894
2.8761	9845
2.87615	9818
2.8762	9848
2.87625	9908
2.8763	9820
2.87635	9865
2.8764	9848
2.87645	9858
2.8765	9852
2.87655	9841
2.8766	9832
2.87665	9857
2.8767	9854
2.87675	9877
2.8768	9861
2.87685	9939
2.8769	9867
2.87695	9868
2.877	9892
2.87705	9947
2.8771	9885
2.87715	9867
2.8772	9871
2.87725	9938
2.8773	9876
2.87735	9844
2.8774	9928
2.87745	9893
2.8775	9905
2.87755	9945
2.8776	9958
2.87765	9902
2.8777	9914
2.87775	9913
2.8778	9894
2.87785	9872
2.8779	9882
2.8779500000000002	9913
2.878	9914
2.87805	9872
2.8781	9875
2.87815	9784
2.8782	9875
2.87825	9830
2.8783	9860
2.87835	9819
2.8784	9842
2.87845	9838
2.8785	9816
2.87855	9821
2.8786	9897
2.87865	9841
2.8787000000000003	9874
2.87875	9896
2.8788	9894
2.87885	9887
2.8789000000000002	9831
2.87895	9907
2.879	9944
2.87905	9961
2.8791	9951
2.87915	9870
2.8792	9947
2.87925	9982
2.8793	9905
2.87935	9934
2.8794	9967
2.87945	9990
2.8795	9940
2.87955	9958
2.8796	9973
2.8796500000000003	9953
2.8797	9971
2.87975	10017
2.8798	9983
2.8798500000000002	9967
2.8799	9977
2.87995	9952
2.88	9978
2.88005	9977
2.8801	9988
2.88015	9969
2.8802	9988
2.88025	9983
2.8803	9956
2.88035	10000
2.8804000000000003	10028
2.88045	10043
2.8805	9971
2.88055	10032
2.8806000000000003	9993
2.88065	10009
2.8807	10005
2.88075	9982
2.8808000000000002	10017
2.88085	10010
2.8809	9951
2.88095	9993
2.8810000000000002	9937
2.88105	10025
2.8811	10031
2.88115	9996
2.8812	10003
2.88125	9994
2.8813	9971
2.8813500000000003	9982
2.8814	10009
2.88145	9968
2.8815	10056
2.8815500000000003	9974
2.8816	10100
2.88165	10010
2.8817	10015
2.8817500000000003	10005
2.8818	10011
2.88185	9987
2.8819	9980
2.8819500000000002	9981
2.872	10054
2.8720499999999998	10027
2.8721	10016
2.87215	10042
2.8722	10084
2.8722499999999997	10029
2.8723	10025
2.87235	9999
2.8724	10036
2.8724499999999997	10032
2.8725	10025
2.87255	10046
2.8726	10009
2.8726499999999997	10024
2.8727	10029
2.87275	10023
2.8728	10011
2.87285	10002
2.8729	9983
2.87295	9991
2.8729999999999998	9934
2.87305	10034
2.8731	9965
2.87315	9984
2.8731999999999998	9975
2.87325	10020
2.8733	9920
2.87335	9943
2.8733999999999997	9971
2.87345	9936
2.8735	9936
2.87355	9913
2.8735999999999997	9916
2.87365	9943
2.8737	9969
2.87375	9942
2.8738	9852
2.87385	9881
2.8739	9854
2.87395	9912
2.874	9840
2.87405	9854
2.8741	9830
2.8741499999999998	9863
2.8742	9898
2.87425	9892
2.8743	9845
2.8743499999999997	9848
2.8744	9832
2.87445	9865
2.8745	9886
2.87455	9935
2.8746	9864
2.87465	9893
2.8747	9884
2.87475	9855
2.8748	9930
2.87485	9873
2.8749	9857
2.87495	9912
2.875	9889
2.87505	9945
2.8750999999999998	9918
2.87515	9922
2.8752	9949
2.87525	9942
2.8752999999999997	9925
2.87535	9990
2.8754	9874
2.87545	9891
2.8755	9890
2.87555	9922
2.8756	9904
2.87565	9928
2.8757	9865
2.87575	9836
2.8758	9921
2.87585	9911
2.8759	9872
2.87595	9889
2.876	9813
2.8760499999999998	9790
2.8761	9807
2.87615	9828
2.8762	9874
2.87625	9853
2.8763	9874
2.87635	9809
2.8764	9843
2.87645	9876
2.8765	9852
2.87655	9799
2.8766	9897
2.87665	9856
2.8767	9898
2.87675	9814
2.8768	9866
2.87685	9882
2.8769	9901
2.87695	9883
2.877	9902
2.87705	9887
2.8771	9882
2.87715	9982
2.8772	9949
2.87725	9885
2.8773	9926
2.87735	9867
2.8774	9944
2.87745	9896
2.8775	9953
2.87755	9966
2.8776	9923
2.87765	9925
2.8777	9953
2.87775	9902
2.8778	9913
2.87785	9890
2.8779	9923
2.8779500000000002	9915
2.878	9854
2.87805	9883
2.8781	9877
2.87815	9824
2.8782	9888
2.87825	9895
2.8783	9813
2.87835	9931
2.8784	9879
2.87845	9845
2.8785	9884
2.87855	9848
2.8786	9865
2.87865	9878
2.8787000000000003	9870
2.87875	9884
2.8788	9860
2.87885	9914
2.8789000000000002	9911
2.87895	9953
2.879	9880
2.87905	9905
2.8791	9925
2.87915	9943
2.8792	9954
2.87925	9913
2.8793	9978
2.87935	10016
2.8794	9928
2.87945	9953
2.8795	9982
2.87955	9923
2.8796	9982
2.8796500000000003	9963
2.8797	9967
2.87975	9931
2.8798	10032
2.8798500000000002	9974
2.8799	10008
2.87995	10005
2.88	9995
2.88005	10005
2.8801	10022
2.88015	9991
2.8802	10012
2.88025	10029
2.8803	9993
2.88035	9994
2.8804000000000003	10000
2.88045	10025
2.8805	10011
2.88055	10016
2.8806000000000003	9979
2.88065	10053
2.8807	10013
2.88075	10014
2.8808000000000002	10048
2.88085	9942
2.8809	10045
2.88095	9984
2.8810000000000002	9999
2.88105	10024
2.8811	10006
2.88115	10042
2.8812	10050
2.88125	9988
2.8813	10005
2.8813500000000003	9986
2.8814	10023
2.88145	10056
2.8815	10090
2.8815500000000003	9994
2.8816	10098
2.88165	9999
2.8817	10020
2.8817500000000003	10007
2.8818	9997
2.88185	10019
2.8819	9976
2.8819500000000002	10021
2.872	10054
2.8720499999999998	10115
2.8721	10089
2.87215	10037
2.8722	10057
2.8722499999999997	9997
2.8723	10037
2.87235	10068
2.8724	10010
2.8724499999999997	10070
2.8725	10052
2.87255	10054
2.8726	10036
2.8726499999999997	9996
2.8727	10048
2.87275	10022
2.8728	9990
2.87285	10037
2.8729	9975
2.87295	10006
2.8729999999999998	9955
2.87305	9944
2.8731	10021
2.87315	9990
2.8731999999999998	9992
2.87325	9976
2.8733	10013
2.87335	9968
2.8733999999999997	9984
2.87345	9951
2.8735	9972
2.87355	9922
2.8735999999999997	9932
2.87365	9874
2.8737	9870
2.87375	9877
2.8738	9931
2.87385	9896
2.8739	9915
2.87395	9849
2.874	9863
2.87405	9837
2.8741	9892
2.8741499999999998	9840
2.8742	9899
2.87425	9892
2.8743	9827
2.8743499999999997	9893
2.8744	9866
2.87445	9844
2.8745	9898
2.87455	9921
2.8746	9934
2.87465	9855
2.8747	9932
2.87475	9893
2.8748	9857
2.87485	9924
2.8749	9935
2.87495	9958
2.875	9899
2.87505	9965
2.8750999999999998	9892
2.87515	9922
2.8752	9925
2.87525	9940
2.8752999999999997	9963
2.87535	9940
2.8754	9974
2.87545	9939
2.8755	9946
2.87555	9922
2.8756	9964
2.87565	9941
2.8757	9864
2.87575	9895
2.8758	9865
2.87585	9918
2.8759	9846
2.87595	9911
2.876	9800
2.8760499999999998	9822
2.8761	9830
2.87615	9869
2.8762	9809
2.87625	9854
2.8763	9853
2.87635	9838
2.8764	9804
2.87645	9851
2.8765	9844
2.87655	9856
2.8766	9853
2.87665	9895
2.8767	9908
2.87675	9887
2.8768	9883
2.87685	9916
2.8769	9914
2.87695	9917
2.877	9932
2.87705	9893
2.8771	9883
2.87715	9896
2.8772	9905
2.87725	9955
2.8773	9901
2.87735	9944
2.8774	9968
2.87745	9959
2.8775	9903
2.87755	9867
2.8776	9904
2.87765	9928
2.8777	9944
2.87775	9895
2.8778	9886
2.87785	9884
2.8779	9882
2.8779500000000002	9862
2.878	9923
2.87805	9882
2.8781	9886
2.87815	9915
2.8782	9882
2.87825	9899
2.8783	9794
2.87835	9839
2.8784	9857
2.87845	9909
2.8785	9822
2.87855	9892
2.8786	9890
2.87865	9902
2.8787000000000003	9830
2.87875	9866
2.8788	9860
2.87885	9895
2.8789000000000002	9904
2.87895	9916
2.879	9923
2.87905	9908
2.8791	9952
2.87915	9960
2.8792	9992
2.87925	9893
2.8793	9947
2.87935	9960
2.8794	9933
2.87945	9899
2.8795	9975
2.87955	10015
2.8796	9996
2.8796500000000003	9919
2.8797	9955
2.87975	9997
2.8798	9955
2.8798500000000002	9993
2.8799	9967
2.87995	9993
2.88	10003
2.88005	10018
2.8801	10016
2.88015	10008
2.8802	10001
2.88025	10041
2.8803	9996
2.88035	10001
2.8804000000000003	10012
2.88045	9988
2.8805	10018
2.88055	10042
2.8806000000000003	9999
2.88065	10029
2.8807	9996
2.88075	10023
2.8808000000000002	9993
2.88085	10038
2.8809	9969
2.88095	9989
2.8810000000000002	10056
2.88105	10011
2.8811	10023
2.88115	10040
2.8812	10022
2.88125	9983
2.8813	10006
2.8813500000000003	9979
2.8814	10027
2.88145	9998
2.8815	10061
2.8815500000000003	10031
2.8816	10002
2.88165	10045
2.8817	10035
2.8817500000000003	10020
2.8818	10043
2.88185	10009
2.8819	9970
2.8819500000000002	10031
